1594,0.0,0.05,0.0
7,-0.6999999999999998,0.6666666666666666,-5.93506418417633e-08
173,0.0,0.0,0.0
85,-0.0851851851851852,0.22962962962962963,-3.0208664221214964e-08
138,0.2787878787878788,0.38484848484848483,2.6900685922450226e-07
36,0.15625,0.675,6.898376578865665e-08
9160,0.2,0.45,1.4978164020719291e-05
163,0.15714285714285714,0.37142857142857144,1.728534915480626e-07
1087,0.0,0.0,0.0
4202,0.35,0.65,1.7368329435258014e-05
63,0.0,0.1,0.0
661,0.0,0.0,0.0
205,0.0,1.0,0.0
1115,0.5,0.5,5.064487167364753e-06
4,0.375,0.525,1.4307744015425085e-08
280,0.0638888888888889,0.3194444444444444,1.0382437015308463e-07
800,-0.2,0.8,-2.3255761701262367e-06
70,0.0,0.0,0.0
143,0.0,0.0,0.0
123,0.0,0.0,0.0
714,0.5,1.0,6.4861772869927055e-06
993,0.0,0.0,0.0
125,0.4,0.75,6.813211435916708e-07
93,0.05000000000000002,0.7250000000000001,6.125077080889122e-08
595,0.0,0.1,0.0
228,0.0,0.0,0.0
946,0.0,0.0,0.0
82,0.0,0.0,0.0
42,0.13636363636363635,0.5,5.202816005609121e-08
1281,-0.25,1.0,-5.818482566272868e-06
831,0.4523809523809524,0.5904761904761905,4.033000944776848e-06
705,0.13636363636363635,0.5,8.733298295129597e-07
1,-0.07142857142857142,0.21428571428571427,-2.7809026269047777e-10
734,0.0,0.0,0.0
1790,0.0,0.0,0.0
217,0.0,0.1,0.0
72,0.0,0.1,0.0
1089,0.0,0.05,0.0
100,-0.0851851851851852,0.22962962962962963,-3.5539604966135255e-08
215,0.2111111111111111,0.46349206349206346,3.822191588472742e-07
215,0.2715909090909091,0.5761363636363637,6.112228405810333e-07
114694,0.2333333333333333,0.26666666666666666,0.00012966023838855618
1790,0.5,0.5,8.13043231352727e-06
14,-0.625,1.0,-1.5897493350472316e-07
14,0.0,0.0,0.0
1790,0.0,0.0,0.0
501,0.0,0.0,0.0
399,0.0,0.0,0.0
5644,0.225,0.6,1.3843355523953003e-05
1302,0.43333333333333335,1.0,1.0250703712384551e-05
14,0.490625,0.35,4.367836298042268e-08
1302,0.0,0.0,0.0
1790,0.0,0.1,0.0
126,0.4333333333333334,0.6,5.952021510416836e-07
35,-0.17499999999999996,0.19791666666666666,-2.2024652245966846e-08
1076,0.5,0.5,4.887343670030918e-06
8289,0.0,0.0,0.0
1173,0.13636363636363635,0.5,1.4530721844236903e-06
21,-0.3,0.4,-4.578478084936027e-08
42,-0.15555555555555559,0.2888888888888889,-3.4291481953018815e-08
3285,0.0,0.0,0.0
10,0.0,0.0,0.0
140,-0.5,1.0,-1.2717994680377853e-06
14,0.0,0.0,0.0
1790,-0.6416666666666667,0.9666666666666667,-2.017250595122933e-05
14,0.0,0.0,0.0
308,0.0,0.0,0.0
727,0.6380208333333334,0.5833333333333334,4.915941021040585e-06
14,-0.3,0.4,-3.052318723290685e-08
9,-0.0851851851851852,0.22962962962962963,-3.1985644469521727e-09
14,0.0,0.0,0.0
98,0.13636363636363635,0.5,1.213990401308795e-07
21,0.0,1.0,0.0
1790,0.0,0.0,0.0
237,0.0,0.0,0.0
54,0.0,0.0,0.0
129,0.0,0.0,0.0
17,0.0,0.0,0.0
103330,0.0,0.0,0.0
52116,-0.0625,0.1875,-1.1096166474819847e-05
1790,0.0,0.0,0.0
14,-0.5,1.0,-1.2717994680377854e-07
4028,0.0,0.25,0.0
2353,-0.05,0.05,-1.0687657672474678e-07
1790,0.2,0.6,3.90260751049309e-06
754,0.0,0.0,0.0
797,0.5,0.5,3.620086342950411e-06
738,0.25,0.2833333333333333,9.497616741667888e-07
227,0.0,0.0,0.0
67,0.1,0.225,2.7389109972385164e-08
14,0.2,0.30000000000000004,1.5261593616453427e-08
46,0.0,0.0,0.0
14,0.0,0.0,0.0
21084,0.0,0.0,0.0
14,0.2,0.5,2.5435989360755706e-08
1790,0.0,0.0,0.0
2,0.35,0.65,8.266696542245604e-09
2132,0.5,0.5,9.683844520916281e-06
14,0.0,0.0,0.0
70,0.0,0.0,0.0
2821,0.4333333333333333,0.7333333333333333,2.041129613978026e-06
21084,0.0,0.0,0.0
396,0.0,0.0,0.0
15749,0.18333333333333335,0.55,3.6157723651863017e-06
162136,0.0,0.0,0.0
220,0.4333333333333333,0.5333333333333333,1.157677200412918e-07
656,0.3333333333333333,0.3666666666666667,1.8255678929588329e-07
483,0.43750000000000006,0.7,3.3679621492508854e-07
15749,0.18333333333333335,0.55,3.6157723651863017e-06
4473,0.5,0.5,2.54614352365728e-06
4473,0.5,0.5,2.54614352365728e-06
187,-1.0,1.0,-4.257803164980204e-07
8391,-0.025,0.25,-1.1940917900183454e-07
2631,0.13636363636363635,0.45454545454545453,3.7131347926358715e-07
779,-0.1,0.6,-1.0642231012362286e-07
1201,0.0,0.0,0.0
2631,0.13636363636363635,0.45454545454545453,3.7131347926358715e-07
6383,0.15833333333333333,0.5458333333333334,1.2560335129149742e-06
306,0.0,0.0,0.0
2218,0.5,0.5,1.2625410989206007e-06
51,-0.19999999999999998,0.5888888888888889,-1.3676579863269747e-08
576,0.0,0.0,0.0
2870,0.13636363636363635,0.45454545454545453,4.050435900746846e-07
555,0.0,1.0,0.0
2965,0.5,0.5,1.6877521903965647e-06
33,0.1111111111111111,0.375,3.1307376213089736e-09
7719,-0.6,0.9,-9.490711561743523e-06
173,-0.2,0.4625,-3.6436093661815895e-08
107,-0.6,0.9,-1.3155928709762362e-07
16619,-0.6,0.9,-2.043349338575147e-05
157,-0.6,0.9,-1.9303558947969075e-07
1149,0.0,0.0,0.0
108,-0.6,0.9,-1.3278881314526498e-07
1672,-0.6,0.9,-2.0557675516563248e-06
1776,0.0,0.0,0.0
807750,-0.6,0.9,-0.0009931496649822943
2202,0.0,0.0,0.0
16314,-0.6,0.9,-2.005848794122086e-05
928,0.0,0.0,0.0
125,0.0,0.0,0.0
2048,-0.6,0.9,-2.5180693455694693e-06
3552,-0.6,0.9,-4.367276521222048e-06
110,-0.6,0.9,-1.3524786524054768e-07
4895,-0.6,0.9,-6.018530003204371e-06
21084,0.0,0.0,0.0
6278,0.5,0.5,3.573594688468679e-06
105,0.0,0.0,0.0
1865,-0.08333333333333333,0.08333333333333334,-2.9489018503743612e-08
849,0.5,0.5,4.832720437256942e-07
121,-0.08333333333333333,0.23333333333333334,-5.357039929795355e-09
2287,0.0,0.0,0.0
16973,0.0,0.2119047619047619,0.0
16973,0.0,0.15555555555555556,0.0
1360,-0.2,0.4625,-2.864340310986683e-07
5889,0.5,0.5,3.3521661548888265e-06
3222,0.125,0.5416666666666666,4.967199848717715e-07
2662,0.525,0.72,2.2910988371748775e-06
2870,0.0,0.0,0.0
627,-0.08333333333333333,0.23333333333333334,-2.775920690893957e-08
183316,0.5,0.5,0.00010434805414325014
1321,0.09999999999999999,0.6190476190476191,1.8619621530991863e-07
997,0.0,0.0,0.0
466,0.0,0.0,0.0
1144,0.5,0.5,6.511934252322666e-07
6917,0.4333333333333333,0.7333333333333333,5.004783247035096e-06
6917,0.4333333333333333,0.7333333333333333,5.004783247035096e-06
403,0.11875,0.5229166666666667,5.697903929504796e-08
16973,0.0,0.18333333333333332,0.0
2815,0.0,0.0,0.0
111464,0.0,0.0,0.0
16973,0.0,0.06666666666666667,0.0
288,0.0,0.0,0.0
912,0.0,0.0,0.0
133,0.18989898989898987,0.41111111111111115,2.364163370169374e-08
7697,0.0,0.0,0.0
831871,0.18989898989898987,0.41111111111111115,0.0001478705975117419
980,-0.1,0.4,-8.925448345840857e-08
656,0.3333333333333333,0.3666666666666667,1.8255678929588329e-07
24,0.0,0.0,0.0
11,0.09999999999999999,0.6190476190476191,1.5504605362673011e-09
105,0.2857142857142857,0.5357142857142857,3.6593037132182804e-08
24772,0.09999999999999999,0.6190476190476191,3.491637127673962e-06
569,0.09999999999999999,0.6190476190476191,8.02010950123722e-08
79,-0.13518518518518519,0.5962962962962963,-1.4499808862932061e-08
44,0.5,0.5,2.504590097047179e-08
561,0.17222222222222222,0.3944444444444445,8.677245153816138e-08
569,0.0,0.1,0.0
1360,0.0,0.0,0.0
1152,0.0,0.0,0.0
7530,0.0,0.0,0.0
16973,0.0,0.2119047619047619,0.0
1707,0.5,0.525,1.0202504682823888e-06
16973,0.19999999999999998,0.45555555555555555,3.521064073544348e-06
16973,0.0,0.2119047619047619,0.0
111464,0.0,0.0,0.0
138,0.2787878787878788,0.38484848484848483,9.610328336658524e-09
1170,-0.1,1.0,-7.594187792786571e-08
90151,-0.1,1.0,-5.8514839633119844e-06
5644,0.225,0.6,4.945568757979316e-07
8,-0.375,0.625,-1.2170172744850273e-09
749,0.5333333333333333,0.6,1.5557050685257137e-07
1022,0.5333333333333333,0.6,2.122737757053778e-07
36798,0.5333333333333333,0.6,7.643102151082673e-06
1188,0.0,0.0,0.0
311,0.35,0.55,3.885855022945726e-08
1439,0.0,0.0,0.0
136,0.2787878787878788,0.38484848484848483,9.471048215837385e-09
136,0.225,0.6,1.1917033151757388e-08
692,1.0,0.3,1.3474815263098224e-07
143,1.0,0.3,2.7845355240217422e-08
0,0.0,0.8666666666666667,0.0
0,0.1349206349206349,0.41269841269841273,0.0
54748,1.0,0.3,1.0660681878961003e-05
109319,1.0,0.3,2.1286897828708592e-05
387,0.225,0.6,3.3910969336250803e-08
9,0.225,0.6,7.886271938662978e-10
1221,0.225,0.6,1.0699042263452772e-07
12,0.225,0.6,1.0515029251550637e-09
677,0.0,0.0,0.0
737,0.2787878787878788,0.38484848484848483,5.132472452258936e-08
1360,0.0,0.0,0.0
6,0.225,0.6,5.257514625775319e-10
1792,0.225,0.6,1.5702443682315618e-07
0,0.0,0.8666666666666667,0.0
1662,0.225,0.6,1.456331551339763e-07
1552,0.225,0.6,1.3599437832005488e-07
3005882,0.225,0.6,0.00026339114297257944
0,-0.5,0.29999999999999993,-0.0
3005882,0.2787878787878788,0.38484848484848483,0.00020932980406704202
331,0.0,0.0,0.0
134,0.125,0.21666666666666667,2.355604546836575e-09
91,0.25,0.3333333333333333,4.922158754583888e-09
51929,0.5,0.5,8.426465339564398e-06
412,-0.1875,0.5,-2.507055585439156e-08
11057,-0.1875,0.5,-6.728280001990474e-07
33442,-0.1875,0.5,-2.0349745846664143e-06
3530,-0.1875,0.5,-2.1480354894660733e-07
14112,0.3833333333333333,0.6333333333333333,2.22378589000942e-06
62770,-0.1875,0.5,-3.819608715971258e-06
346,0.0,0.0,0.0
5410,0.35,0.55,6.759638480429705e-07
52,0.1,0.1,3.37519457457181e-10
8001,0.0,0.0,0.0
710,0.0,0.0,0.0
4403,0.0,0.0,0.0
77303,0.0,0.0,0.0
277306,0.0,0.0,0.0
325,0.3,0.35,2.2149714395627495e-08
26596,0.0,0.0,0.0
166711,0.0,0.0,0.0
90,0.0,0.0,0.0
35,0.0,0.0,0.0
165353,0.0,0.0,0.0
165353,0.0,0.0,0.0
119,0.0,0.875,0.0
1534,0.0,0.0,0.0
2803,0.32878787878787874,0.6181818181818182,3.697861101718999e-07
348,0.3333333333333333,0.5833333333333334,4.392080119474854e-08
812,0.43333333333333335,0.8333333333333334,1.9032347184391035e-07
362,0.0,0.0,0.0
8,0.0,0.0,0.0
8,-0.16666666666666666,0.06666666666666667,-5.7695633753364253e-11
8,0.2,0.2,2.0770428151211137e-10
1720,0.43333333333333335,0.8333333333333334,4.031482408516328e-07
8,-0.2,0.2,-2.0770428151211137e-10
202,0.0,0.0,0.0
8,0.0,0.0,0.0
8,0.2857142857142857,0.5357142857142857,7.947867915004259e-10
202,0.0,0.0,0.0
44,0.0,0.0,0.0
29,0.0,0.5,0.0
938,0.09999999999999999,0.1380952380952381,8.407696228709006e-09
533,0.0,0.0,0.0
949,0.0,0.0,0.0
949,0.0,0.0,0.0
424,0.6,0.475,7.843432930601104e-08
936,0.0,0.0,0.0
188,0.0,0.0,0.0
9175,0.0,0.0,0.0
9840,0.0,0.0,0.0
12,0.0,0.0,0.0
24772,0.0,0.0,0.0
0,-0.2375,0.45625000000000004,-0.0
273,0.0,0.0,0.0
271,0.0,0.0,0.0
346,-0.19999999999999998,0.55,-2.4703827982346744e-08
436,0.0,0.0,0.0
146,0.11481481481481481,0.42962962962962964,4.674557230039551e-09
594,0.0,0.0,0.0
1362,-0.1,0.15000000000000002,-1.3260620222788859e-08
1248,0.0,0.0,0.0
434,0.0,0.0,0.0
1645,0.0,0.0,0.0
831,0.0,0.0,0.0
107,-0.6999999999999998,0.6666666666666666,-3.241052226095236e-08
1309,0.0,0.0,0.0
207,0.0,0.0,0.0
1019,0.25,0.3333333333333333,4.511799061212832e-08
114,0.25,0.3333333333333333,5.0475475267739244e-09
1373,0.25,0.3333333333333333,6.079195398474208e-08
868703,0.25,0.3333333333333333,3.846333051886919e-05
30,0.0,0.0,0.0
432,0.0,0.0,0.0
613,-0.15555555555555559,0.2888888888888889,-1.4636379138974914e-08
79,0.6,0.8,2.0147684443712338e-08
451,0.0,0.0,0.0
42,0.0,0.0,0.0
23,0.5,0.65,3.971622922382641e-09
35,0.0,0.0,0.0
70,-0.35714285714285715,0.7619047619047619,-1.0120396043656989e-08
1492,0.2,0.2,3.170922488398609e-08
654,0.625,0.7,1.520241616945462e-07
1280,0.0,0.0,0.0
159,0.0,0.0,0.0
32,0.0,0.0,0.0
251,0.0,0.0,0.0
169,-0.15,0.4,-5.3875928338407985e-09
2,0.625,0.7,4.6490569325549295e-10
3169,0.0,0.0,0.0
589,0.0,0.0,0.0
953847,0.0,0.0,0.0
732,0.625,0.7,1.7015548373151045e-07
224,0.0,0.0,0.0
197079,0.25,0.3333333333333333,8.726014202009456e-06
621,0.0,0.0,0.0
170,0.0,0.0,0.0
217,0.0,0.1,0.0
177,0.16666666666666666,0.5333333333333333,8.359447132060674e-09
379,0.0,0.0,0.0
662,0.0,0.0,0.0
10883,0.0,0.0,0.0
158,0.0,0.0,0.0
2473,0.0,0.0,0.0
4,0.17777777777777778,0.35555555555555557,1.3433888674246909e-10
1312,0.0,0.0,0.0
31,0.26666666666666666,0.3277777777777778,1.4396825616326717e-09
2153,-0.25,0.6,-1.7159004987069884e-07
135,0.0,0.0,0.0
240,0.0,0.0,0.0
14,0.0,0.0,0.0
1438,0.0,0.0,0.0
101,0.78125,0.5,2.0962265633394997e-08
655,0.0,0.0,0.0
120,0.0,0.0,0.0
1,0.17777777777777778,0.35555555555555557,3.358472168561727e-11
39023,0.0,0.0,0.0
247,0.0,0.0,0.0
10,0.0,0.0,0.0
686,0.0,0.0,0.0
370,0.0,0.1,0.0
170,0.625,0.7,3.9516983926716904e-08
67,-0.10000000000000002,0.7000000000000001,-2.4918945158494435e-09
66,0.625,0.7,1.534188787743127e-08
316,0.0,0.0,0.0
79,0.2,0.30000000000000004,2.5184605554640426e-09
1800,0.625,0.7,4.1841512392994376e-07
14,0.13636363636363635,0.5,5.071698471878106e-10
308,0.0,0.0,0.0
327,0.0,0.0,0.0
761,0.0,0.0,0.0
51,0.10416666666666667,0.18333333333333335,5.174843133260547e-10
94,0.0,0.0,0.0
191,0.17777777777777778,0.35555555555555557,6.414681841952899e-09
170,0.5333333333333333,0.762962962962963,3.67542797946974e-08
184,0.0,0.0,0.0
200,0.625,0.6,3.98490594218994e-08
240,0.0,0.0,0.0
4,0.0,0.0,0.0
413,0.0,0.0,0.0
251,0.0,0.0,0.0
41,0.0,0.0,0.0
197079,0.10000000000000002,0.3833333333333333,4.013966532924351e-06
928,0.0,0.0,0.0
378,0.0,0.0,0.0
261,-0.07333333333333332,0.37833333333333335,-3.847453253224002e-09
198,0.0,0.0,0.0
386,0.0,0.0,0.0
622,0.0,0.0,0.0
663,-0.2,0.4,-2.8181254823167262e-08
39,-0.025,0.7,-3.6262644073928454e-10
448,0.0,0.0,0.0
294,0.0,0.0,0.0
95,0.35714285714285715,0.5714285714285714,1.0301117401579437e-08
148,0.0,0.0,0.0
239,-1.0,1.0,-1.2698566935778607e-07
627,0.0,0.0,0.0
13,0.17777777777777778,0.35555555555555557,4.366013819130246e-10
73,0.0,0.0,0.0
398,0.0,0.0,0.0
922,0.0,0.0,0.0
1326,-0.05,0.5,-1.7613284264479534e-08
313,0.0,0.0,0.0
6233,0.0,0.0,0.0
155,0.4,0.8,2.635351129768281e-08
219,0.0,0.0,0.0
683,0.0,0.0,0.0
113,0.0,0.0,0.0
3068,0.0,0.0,0.0
1446,0.13636363636363635,0.45454545454545453,4.707563579762337e-08
460,0.5,0.5,6.040179549321615e-08
3079,-0.08333333333333333,0.26666666666666666,-3.593760933789614e-08
1132,-0.08333333333333333,0.26666666666666666,-1.3212528018999165e-08
1873,0.0,0.0,0.0
708,0.0,0.0,0.0
555,0.0,0.0,0.0
562,0.0,0.0,0.0
757,0.0,0.0,0.0
78,0.0,0.0,0.0
1482,0.0,0.0,0.0
46,0.0,0.0,0.0
348,-0.15555555555555559,0.2888888888888889,-8.213866064108083e-09
253,0.0,0.0,0.0
447,0.2,0.2,9.391166116684391e-09
812,0.0,0.0,0.0
726,-0.22499999999999992,0.7583333333333333,-6.506258186502419e-08
80,0.35714285714285715,0.5714285714285714,8.57523272308304e-09
141,0.0,0.0,0.0
617,0.35,0.8666666666666667,9.830085830601761e-08
17,0.0,0.0,0.0
18,0.0,0.0,0.0
424,0.0,0.0,0.0
131,0.0,0.0,0.0
9,0.0,0.0,0.0
12,0.0,0.0,0.0
442,0.0,0.0,0.0
34,0.0,0.0,0.0
157,0.0,0.0,0.0
286,0.8,0.2,2.4034662276257143e-08
209,0.375,0.41666666666666663,1.7152140296307307e-08
578,0.19,0.5580952380952382,3.219154083730095e-08
35,0.0,0.0,0.0
615,0.0,0.0,0.0
35,0.0,0.0,0.0
697,0.0,0.0,0.0
3838,0.8,0.2,3.225350832736885e-07
2,0.0,0.0,0.0
1154,0.4,0.6000000000000001,1.454685328678361e-07
93,0.0,0.0,0.0
506,0.0,0.0,0.0
38681,-0.21875,0.53125,-2.3610039090123824e-06
87,0.0,0.0,0.0
2536,0.0,0.0,0.0
194,0.0,0.0,0.0
1269,0.0,0.0,0.0
1756,0.0,0.0,0.0
459,-0.08333333333333333,0.26666666666666666,-5.357376643746128e-09
12,0.0,0.0,0.0
2082,0.30000000000000004,0.45,1.476272405154632e-07
252,0.0,0.0,0.0
1630,1.0,0.3,2.5683893909724084e-07
114,0.8,0.2,9.580249998228373e-09
5506,0.5,0.675,9.760273610448372e-07
395,-0.125,0.45000000000000007,-1.167002081404258e-08
51,-0.5,1.0,-1.3393441609365322e-08
958,0.2669642857142857,0.5116071428571429,6.8723818509973e-08
179,0.0,0.0,0.0
83,0.0,0.0,0.0
93,0.0,0.0,0.0
171,0.0,0.0,0.0
15,0.0,0.0,0.0
2011,0.0,0.0,0.0
144,0.0,0.0,0.0
502,0.0,0.0,0.0
169,0.19,0.5580952380952382,9.412405538934015e-09
572,0.0,0.0,0.0
3224,-0.3,0.6,-3.0480321704889736e-07
22356,0.0,0.0,0.0
2,0.0,0.0,0.0
388,0.0,0.0,0.0
198,0.0,0.0,0.0
4110,-0.37857142857142856,0.9517857142857142,-7.778231165538061e-07
108,0.0,0.0,0.0
4169,-0.22499999999999992,0.7583333333333333,-3.736169473764268e-07
397,0.8,0.2,3.336280043242688e-08
417,0.0,0.0,0.0
363,0.0,0.0,0.0
418,0.6,1.0,1.317284374756401e-07
68,0.8,0.2,5.714535086662538e-09
318,0.0,0.0,0.0
606,0.0,0.0,0.0
300,0.0,0.0,0.0
671,0.0,0.0,0.0
46,0.0,0.0,0.0
638,0.375,0.41666666666666663,5.235916511504335e-08
70,0.19318181818181818,0.3522727272727273,2.5020461684162144e-09
270,0.0,0.0,0.0
355,0.0,0.0,0.0
2231,0.0,0.0,0.0
2418,0.0,0.0,0.0
97,0.0,0.0,0.0
65,0.0,0.0,0.0
322,0.0,0.0,0.0
13837,0.0,0.0,0.0
198,0.0,0.0,0.0
516,0.0,0.0,0.0
96,0.0,0.0,0.0
357,0.0,1.0,0.0
163,0.25,0.45,9.342050134848027e-09
69,0.0,0.0,0.0
3227,0.7,0.6000000000000001,6.904787582693894e-07
1412,0.0,0.0,0.0
17,0.0,0.0,0.0
112,0.0,0.125,0.0
149,-0.5,1.0,-3.795406871417467e-08
540,-0.6,0.9,-1.4855579110138704e-07
2308,0.0,0.4,0.0
433,0.0,0.0,0.0
3,0.3333333333333333,0.5,2.547252933837226e-10
7396,0.0,0.05,0.0
44,0.0,0.0,0.0
4198,0.0,0.0625,0.0
641,0.0,0.0,0.0
5859,-0.3,0.7,-6.268229074527971e-07
6656,0.0,0.0,0.0
46,0.0,0.0,0.0
6575,0.0,0.0,0.0
63,0.13636363636363635,0.45454545454545453,1.989383489649735e-09
334,0.0,0.0,0.0
767,-0.07142857142857142,0.14285714285714285,-3.987230612761535e-09
1398,0.0,0.0,0.0
1319,0.0,0.0,0.0
96,0.0,0.0,0.0
276,0.0,0.1,0.0
190,-0.15454545454545454,0.6181818181818182,-9.247580733686088e-09
443,0.0,0.0625,0.0
14,-0.08571428571428572,0.22142857142857142,-1.3536829876963547e-10
524,0.25,0.3333333333333333,2.2246008955511777e-08
3231,0.0,0.0,0.0
745,0.4375,0.9375,1.5567098496048206e-07
689,0.0,0.0,0.0
108,0.05,0.2625,7.221462067428537e-10
13,0.16504329004329005,0.3398268398268398,3.714505180699253e-10
121,0.16504329004329005,0.3398268398268398,3.4573471297277663e-09
313,0.0,0.0,0.0
975,0.0,0.0,0.0
5463,0.8,0.9,2.0038525599675987e-06
289,-0.4,0.6,-3.5335492698190005e-08
1515,0.0,0.0,0.0
106618,0.0,0.0,0.0
246,-0.15454545454545454,0.6181818181818182,-1.19731834762462e-08
246,0.0,0.4,0.0
502,0.0,0.125,0.0
1863,0.0,0.1875,0.0
13618,0.0,0.0,0.0
577,0.0,0.4,0.0
1,0.28,0.5866666666666667,8.36857497196657e-11
2743,0.0,0.0,0.0
416,0.0,0.0,0.0
318,0.3,0.45,2.187071368992643e-08
91,-0.1,0.1,-4.6360003395837533e-10
10523,0.3,0.45,7.237280508147668e-07
6,0.5666666666666667,0.49230769230769234,8.527419052353546e-10
215,0.0,0.4,0.0
72,0.0,0.0,0.0
257,0.0,0.0,0.0
98,0.0,0.0,0.0
128,0.13636363636363635,0.5,4.446114211788614e-09
197,0.0,0.0,0.0
103,0.45000000000000007,0.5666666666666667,1.3380719661446952e-08
289,0.0,0.0,0.0
266,0.1,0.3,4.065415682404214e-09
10604,0.5875,0.825,2.6183856088278643e-06
1263,0.0,0.0,0.0
176,0.0,0.0,0.0
171,0.0,0.0,0.0
86225,0.0,0.0,0.0
56,0.0,0.0,0.0
64,0.0,0.4,0.0
6190,0.03333333333333333,0.45,4.7302486981357297e-08
1613,0.0,0.0,0.0
191,0.0,0.4,0.0
191,-0.15454545454545454,0.6181818181818182,-9.296252211231804e-09
29635,0.0,0.0,0.0
274,0.0,0.0,0.0
97,0.0,0.0,0.0
13926,0.0,0.0,0.0
193,0.0,0.0,0.0
29635,0.0,0.0,0.0
36,0.8,0.9,1.3204959209012184e-08
10214,0.0,0.0,0.0
106,0.0,0.0,0.0
290,0.0,0.0,0.0
876,0.0,0.0,0.0
202,0.0,1.0,0.0
390,0.0,0.0,0.0
212,0.0,0.125,0.0
18,-1.0,1.0,-9.170110561814015e-09
2880,-0.3,0.7,-3.0811571487695094e-07
128,0.0,0.0,0.0
2084,0.0,0.0,0.0
971,0.25,0.3333333333333333,4.122304331259912e-08
896,-0.19999999999999998,0.6666666666666666,-6.086236343248413e-08
431,0.2,0.2,8.782928115870759e-09
106,0.0,0.4,0.0
841,0.5,1.0,2.1422397173571077e-07
