533,0.0,0.0,0.0
180,0.4,0.4,1.9275876429124004e-08
2,0.0,0.0,0.0
29522,0.0,0.0,0.0
479,0.0,0.0,0.0
381,0.5,0.43333333333333335,5.525081941750647e-08
1,0.0,0.0,0.0
77,0.125,0.25,1.6105061686659595e-09
45,0.5,0.43333333333333335,6.5256873327763556e-09
5554,0.0,0.0,0.0
890,-0.6,0.8,-2.8592550036533934e-07
340,0.0,0.3,0.0
5554,0.0,1.0,0.0
435,0.5,0.43333333333333335,6.30816442168381e-08
1188,0.5,0.5,1.9878247567534126e-07
558,0.0,0.0,0.0
773,0.5,0.5,1.2934246944195186e-07
76,0.0,0.0,0.0
444,-0.5,1.0,-1.4858488080783085e-07
169,0.0,0.0,0.0
1336,0.26,0.26,6.04470067176852e-08
567,0.5,0.43333333333333335,8.222366039298208e-08
271,0.0,0.0,0.0
12,0.0,0.0,0.0
254,0.0,0.0,0.0
11457161,0.16666666666666666,0.16666666666666666,0.00021300812081845948
227,0.0,0.0,0.0
9133,0.3125,0.3333333333333333,6.367425471180177e-07
636,0.5,0.43333333333333335,9.222971430323915e-08
352,0.04999999999999996,0.8,9.423761809793952e-09
254,0.0,0.0,0.0
98,0.5,0.43333333333333335,1.4211496858046285e-08
5105,0.0,0.0,0.0
142,0.26,0.26,6.424756702029415e-09
282,0.5,0.43333333333333335,4.08943072853985e-08
2998,0.0,0.06666666666666667,0.0
314,0.0,0.0,0.0
714,0.0,0.0,0.0
4,-0.4,0.4,-4.28352809536089e-10
283,0.0,0.0,0.0
966,0.26,0.26,4.3706443480002924e-08
42,0.0,0.0,0.0
1966,0.5222222222222223,0.5555555555555556,3.817578733290287e-07
545,0.5,0.43333333333333335,7.903332436362475e-08
197,0.0,0.0,0.0
4035,-0.5,0.65,-8.777049462584198e-07
912,0.0,0.0,0.0
131,0.0,0.0,0.0
538,0.0,0.0,0.0
1373,0.1,0.3,2.7568519101236722e-08
60,0.5,0.43333333333333335,8.700916443701807e-09
58237,0.0,0.0,0.0
522,0.5,0.43333333333333335,7.569797306020573e-08
643,1.0,0.4,1.7214428533231576e-07
1126,0.5,0.43333333333333335,1.6328719859347057e-07
2823,0.0,0.0,0.0
621,0.0,0.0,0.0
372,0.5,0.43333333333333335,5.3945681950951204e-08
29,0.5,0.43333333333333335,4.205442947789206e-09
179,0.0,0.0,0.0
2625,0.0,0.0,0.0
380,0.0,0.0,0.0
75,0.0,0.0,0.0
1671,0.0,0.0,0.0
248,0.0,0.0,0.0
3041,-0.07500000000000001,0.05,-7.632544299604962e-09
864,1.0,0.3,1.7348288786211602e-07
5554,1.0,1.0,3.717299225255372e-06
115,0.0,0.0,0.0
706,0.0,0.0,0.0
125,0.4125,0.4625,1.5961266493028704e-08
355,0.0,0.0,0.0
8552,0.0,0.0,0.0
116,0.0,0.0,0.0
149,0.0,0.0,0.0
403,0.0,0.0,0.0
5,0.0,0.0,0.0
89,0.5,0.43333333333333335,1.2906359391491015e-08
215,0.0,0.0,0.0
319,-0.75,1.0,-1.6013032762735825e-07
1285,0.5,0.43333333333333335,1.8634462716928037e-07
182,0.4333333333333333,0.7333333333333333,3.870941048953558e-08
1475,0.0,0.0,0.0
952,0.5,0.43333333333333335,1.3805454090673535e-07
3041,0.0,0.0,0.0
471,0.5,0.43333333333333335,6.830219408305919e-08
128,0.0,0.0,0.0
39,-0.07142857142857142,0.21428571428571427,-3.995318775169196e-10
355,0.0,0.0,0.0
2766,0.0,0.0,0.0
341,0.0,0.0,0.0
27669,0.0,0.0,0.0
763,0.5,0.43333333333333335,1.1064665410907466e-07
1671,0.125,0.25,3.495007542650414e-08
254,0.0,0.0,0.0
760,0.0,0.0,0.0
312,0.5,0.43333333333333335,4.52447655072494e-08
304,0.0,0.0,0.0
888,-0.5,0.65,-1.931603450501801e-07
697,0.0,0.0,0.0
332,0.0,0.0,0.0
289,0.0,0.0,0.0
4149,0.0,0.0,0.0
360,0.0,0.0,0.0
6067,0.0,0.0,0.0
97,-0.2,0.0,-0.0
18,0.0,0.0,0.0
58,0.0,0.0,0.0
112,0.0,0.0,0.0
126,0.0,0.0,0.0
128,0.0,0.0,0.0
3708,0.0,0.0,0.0
506,0.0,0.0,0.0
55,0.35,0.6125,7.841038136830315e-09
71,0.0,0.0,0.0
4591,0.35,0.55,5.877258136520485e-07
300,0.4,0.6,4.7881664106167616e-08
1120,0.0,0.0,0.0
72,0.0,0.0,0.0
1041,1.0,1.0,6.922890602016735e-07
1640,0.13636363636363635,0.45454545454545453,6.760152301490606e-08
718,0.0,0.0,0.0
1109,0.0,0.0,0.0
454,0.0,0.0,0.0
30,0.0,0.0,0.0
995,0.0,0.0,0.0
153,0.0,0.0,0.0
422,-0.04999999999999999,0.8,-1.1225590140445961e-08
707,0.5,0.75,1.7631425272427348e-07
5,0.4,0.8,1.0640369801370584e-09
302,0.16666666666666666,0.3333333333333333,1.115761000004832e-08
233,0.04545454545454545,0.41818181818181815,2.945337901112858e-09
462,0.0,0.0,0.0
2630,0.35,0.6125,3.7494418727024956e-07
222,0.0,0.0,0.0
57,0.0,0.0,0.0
565,0.0,0.0,0.0
376,0.0,0.0,0.0
49,0.0,0.0,0.0
654,0.30000000000000004,0.75,9.785815101698008e-08
406,0.0,0.0,0.0
335,0.0,0.0,0.0
46,-0.5,0.5,-7.647765794735106e-09
1061,0.0,0.0,0.0
82,0.0,0.0,0.0
620,0.03333333333333333,0.2333333333333333,3.206889231801967e-09
96,0.16666666666666666,0.3333333333333333,3.546789933790194e-09
281,0.0,0.0,0.0
6066,0.0,0.0,0.0
237,0.0,0.0,0.0
31,0.0,0.0,0.0
172,0.0,0.0,0.0
705,0.2,0.30000000000000004,2.8130477662373482e-08
2755,0.0,0.0,0.0
281,0.0,0.0,0.0
4,0.0,0.3,0.0
427,0.0,0.0,0.0
185,0.0,0.0,0.0
1376,0.0,0.0,0.0
92,0.0,0.0,0.0
753,0.0,0.0,0.0
449,-0.5,0.5,-7.464884438774049e-08
34,0.0,0.0,0.0
104,0.0,0.0,0.0
60,-0.2,0.0,-0.0
615,0.0,0.0,0.0
231,0.2,0.3,9.217220340437267e-09
157,-0.175,0.65,-1.1876481511889179e-08
21,0.0,0.0,0.0
199,0.0,0.0,0.0
157,0.0,0.0,0.0
142,0.0,0.0,0.0
11,0.0,0.0,0.0
2197,0.0,0.0,0.0
2,0.0,0.0,0.0
76,0.0,0.0,0.0
40,0.16666666666666666,0.3333333333333333,1.4778291390792474e-09
1168,0.0,0.0,0.0
647,0.0,0.0,0.0
580,0.13636363636363635,0.5,2.629864127043297e-08
113,0.0,0.0,0.0
379,-0.15555555555555559,0.2888888888888889,-1.1326410928378708e-08
124,0.0,0.0,0.0
131,0.0,0.0,0.0
468,-0.21875,0.90625,-6.169907791805485e-08
199,0.0,0.0,0.0
134,0.0,0.0,0.0
161,0.0,0.0,0.0
732,0.0,0.0,0.0
218,0.0,0.0,0.0
10864,0.0,0.0,0.0
2,0.0,0.0,0.0
899,-0.5,0.5,-1.494639445536274e-07
305,0.0,0.0,0.0
98,0.0,0.0,0.0
94,0.0,0.0,0.0
1178,0.0,0.0,0.0
28,0.0,0.0,0.0
951,0.0,0.0,0.0
129,0.0,0.0,0.0
753,0.4,0.9,1.3212293311928812e-07
1009,0.0,0.0,0.0
1330,0.6000000000000001,0.9,3.500468148379547e-07
165,0.0,0.0,0.0
2636,0.0,0.0,0.0
426401,0.0,0.0,0.0
167,0.0,0.0,0.0
903,-0.020000000000000004,0.41999999999999993,-3.696985658464011e-09
4513,0.16,0.5399999999999999,1.9004646921668436e-07
1219,0.8,0.75,3.564804237990532e-07
640,-0.05,0.4,-6.2386511137925635e-09
792,0.0,0.0,0.0
1415,0.0,0.0,0.0
23392,0.0,0.0,0.0
1304,0.0,0.25,0.0
7506,0.25,0.5625,5.144602506605747e-07
129,0.6000000000000001,0.9,3.395190910834297e-08
3674,0.0,0.0,0.0
403637,0.55,0.775,8.385637627829103e-05
458,-0.1,0.4,-8.929069406615606e-09
238,0.6000000000000001,0.9,6.263995633942348e-08
2455,0.55,0.775,5.100310520670911e-07
9833,-0.1,0.4,-1.917020512560071e-07
3480,0.6000000000000001,0.9,9.159119666436708e-07
50,0.0,0.0,0.0
674,0.6000000000000001,0.9,1.7739214526374544e-07
20,-0.5,1.0,-4.87394618265044e-09
905,0.6000000000000001,0.9,2.3818974994612702e-07
1476,0.6000000000000001,0.9,3.8847300654197073e-07
289,0.6000000000000001,0.9,7.606280412644278e-08
566,0.6000000000000001,0.9,1.4896729112652804e-07
2167,0.6000000000000001,0.9,5.703394344013893e-07
2910386,0.6000000000000001,0.9,0.0007659934956759214
874,0.0,0.0,0.0
3822,0.0,0.0,0.0
61187,0.0,0.0,0.0
49,0.0,0.0,0.0
403,0.35000000000000003,0.45,3.0936154907828005e-08
1630,0.37727272727272726,0.6009090909090908,1.8010779931924137e-07
30,0.37727272727272726,0.6009090909090908,3.314867472133277e-09
16767,0.0,0.0,0.0
612,0.16666666666666666,0.43333333333333335,2.154284212731494e-08
26,0.1,0.3,3.8016780224673423e-10
830,0.0,0.0,0.0
81,0.5,0.5,9.86974101986714e-09
138,-0.4,0.6,-1.614250975693825e-08
1694,0.36,0.6,1.7833964040165263e-07
17681,0.36,0.6,1.8614068370375562e-06
661,0.0,0.5,0.0
63,-0.625,1.0,-1.9191163094186105e-08
1126,-0.13055555555555554,0.7277777777777779,-5.214507154945629e-08
317,0.2,0.7,2.163057315860265e-08
1839,0.2961904761904762,0.5952380952380952,1.5802444253384826e-07
1724,0.0,0.0,0.0
165,-0.025,0.7,-1.4073519602403143e-09
3034,0.0,0.0,0.0
70706,0.0,0.0,0.0
1204,0.0,0.0,0.0
52,0.0,0.0,0.0
90528,0.0,0.0,0.0
465,-0.2,0.0,-0.0
96,-0.30000000000000004,0.5,-7.018482503016634e-09
498,0.7,0.875,1.48667543436295e-07
25,0.7,0.6000000000000001,5.117643491782962e-09
3787,0.0,0.0,0.0
187,0.4,1.0,3.645711744622528e-08
55,0.11818181818181818,0.3,9.504195056168357e-10
10014,0.06666666666666667,0.6333333333333333,2.0607694319737075e-07
90528,0.06666666666666667,0.6333333333333333,1.862965200097022e-06
1121,0.06818181818181818,0.22727272727272727,8.466467465006934e-09
107,0.8,0.7,2.920468552644143e-08
37,0.0,0.0,0.0
5000,0.4,0.8,7.798313892240705e-07
557,0.0,0.0,0.0
836,0.4,0.8,1.3038780827826457e-07
18306,0.4,0.8,2.8551186822271672e-06
84,0.375,0.375,5.7573489282558315e-09
3283,0.4,0.8,5.120372901645247e-07
13731,0.4,0.8,2.1415729610871424e-06
307,0.4,0.8,4.788164729835793e-08
3486,0.4,0.8,5.436984445670219e-07
1633,0.6,1.0,4.775492469760901e-07
163,0.6,1.0,4.76671936663213e-08
1252,0.0,0.0,0.0
30,0.0,0.0,0.0
17376,0.0,0.0,0.0
115,0.0,0.0,0.0
3034,0.0,0.0,0.0
1126,-0.7,0.8,-3.073315504932061e-07
173,-0.8,0.8,-5.396433213430567e-08
345,0.0,0.0,0.0
3,0.2333333333333333,0.4666666666666666,1.5921557529991432e-10
180,0.35625,0.95,2.9691470901433644e-08
33,0.1,0.4,6.433608961098582e-10
2434,0.5666666666666668,0.3666666666666667,2.464906218447566e-07
84,-0.5,1.0,-2.0470573967131844e-08
722,0.3333333333333333,0.45,5.278483715810426e-08
118,0.6,1.0,3.4507538973165105e-08
1587,0.3,0.9,2.088437199803887e-07
6651,0.4,0.8,1.0373317139458586e-06
2513,-0.2,0.0,-0.0
0,-0.125,0.1,-0.0
112,0.0,0.0,0.0
391,0.0,0.0,0.0
9,0.0,0.0,0.0
1001,0.0,0.3,0.0
505,0.0,0.0,0.0
654,0.11818181818181818,0.4,1.4792671593988166e-08
1608,0.5321428571428571,0.8214285714285714,3.363119468792245e-07
3,-0.25,1.0,-3.588553888802704e-10
771,0.5321428571428571,0.8214285714285714,1.612540491566431e-07
2321,-0.44999999999999996,0.7833333333333333,-3.914645780678205e-07
69514,0.5321428571428571,0.8214285714285714,1.4538798927464186e-05
18603,0.0,0.0,0.0
691,-0.125,0.1,-4.132817895271114e-09
13,-0.1,0.1,-6.220160073924688e-11
226,-0.471875,0.84375,-4.305339492513788e-08
247,0.0,0.0,0.0
1778,-0.1,0.30000000000000004,-2.5521795257164834e-08
225,0.5321428571428571,0.8214285714285714,4.7058574656607905e-08
11574,-0.1,0.1,-5.537856361200334e-08
5562,0.25,0.3333333333333333,2.2177263032800707e-07
1130,-0.4000000000000001,0.6,-1.297621086191058e-07
470,0.0,0.0,0.0
439,0.0625,0.375,4.92304736620121e-09
2077,0.0,0.0,0.0
613,0.0,0.0,0.0
915,0.0,0.0,0.0
619,-0.2666666666666666,0.5222222222222223,-4.1245154878789945e-08
3425,0.0,0.0,0.0
347,-0.15,0.65,-1.6187966592388997e-08
3425,0.0,0.0,0.0
3249,0.0,0.0,0.0
2430,0.5321428571428571,0.8214285714285714,5.082326062913653e-07
2444,0.0,0.0,0.0
716,0.0,0.0,0.0
3209,0.0,0.0,0.0
7274,0.0,0.0,0.0
91,0.0,0.0,0.0
0,0.0,0.0,0.0
8437,-0.8,0.9,-2.9065563993435275e-06
55,0.0,0.3,0.0
3041,0.0,0.0,0.0
10524,-0.1,0.1,-5.0354588167679546e-08
3714,-0.1,0.30000000000000004,-5.331155657205298e-08
8929,0.0,0.0,0.0
2479,0.0,0.0,0.0
3064,-0.1,0.05,-7.330219410194324e-09
20286,0.0,0.0,0.0
6036,-0.1,0.05,-1.4440340848542083e-08
13,0.3,0.9,1.6794432199596654e-09
827,0.018181818181818174,0.2772727272727273,1.9948405292388973e-09
387,-0.08333333333333333,0.25,-3.857695430462906e-09
275,-0.3125,0.6041666666666666,-2.4842636513195795e-08
377,0.0,0.0,0.0
8653,0.0,0.0,0.0
1770,0.5,0.6,2.540696153272314e-07
28,0.0,0.0,0.0
24,0.0,0.0,0.0
3,0.0,0.0,0.0
645,0.0,1.0,0.0
52,0.2,0.2,9.9522561182795e-10
144,0.0,0.0,0.0
645,0.0,0.0,0.0
144,0.0,0.0,0.0
2483,-0.1,0.30000000000000004,-3.5641517223588465e-08
144,0.0,0.0,0.0
12,0.16666666666666666,0.3333333333333333,3.1898256789357365e-10
106,0.5,0.6,1.521546848852346e-08
8064,-0.1,0.1,-3.858413141240668e-08
6679,0.39285714285714285,0.5178571428571428,6.501510632684462e-07
174,-0.4380952380952381,0.811904761904762,-2.9612909436608026e-08
4633,-0.39583333333333337,0.7708333333333333,-6.763840525044281e-07
18,0.35,0.65,1.959350423286276e-09
1262,0.0,0.0,0.0
885,0.0,0.1,0.0
197,0.0,0.3,0.0
1762,-0.3,0.55,-1.3910670294554802e-07
3679,-0.5,0.9,-7.921373854143089e-07
1502,0.0,0.0,0.0
3679,-0.1,0.1,-1.7603053009206867e-08
846,0.35833333333333334,0.37777777777777777,5.479642042559755e-08
1298,0.0,0.0,0.0
51,-0.1,0.1,-2.440216644385839e-10
51,-0.1,0.1,-2.440216644385839e-10
51,-0.1,0.1,-2.440216644385839e-10
11303,0.018181818181818174,0.2772727272727273,2.7264428660202244e-08
51,-0.1,0.1,-2.440216644385839e-10
9558,0.0625,0.375,1.0718561896617578e-07
2335,-0.1,0.1,-1.1172364440472421e-08
1195,0.018181818181818174,0.2772727272727273,2.8825083826366167e-09
4609,0.0,0.0,0.0
1,0.34285714285714286,0.46785714285714286,7.675111174418844e-11
476,0.0,0.0,0.0
5061,0.0,0.0,0.0
1537,0.0,0.0,0.0
267,0.5,0.5,3.134091918488301e-08
213,0.0,0.0,0.0
632,0.0,0.0,0.0
786,0.0,0.0,0.0
1073,0.02500000000000001,0.75,9.446293900387494e-09
105,0.0,0.0,0.0
608,0.0,0.0,0.0
786,0.0,1.0,0.0
37,0.85,1.0,1.476662035003102e-08
10662,0.85,1.0,4.2551812478927225e-06
140598,0.0,0.0,0.0
53290,0.0,0.0,0.0
786,-0.6,0.9,-1.9928598859673028e-07
1889,0.0,0.0,0.0
43,0.0,0.0,0.0
43,0.0,0.0,0.0
2823,0.0,0.0,0.0
3918,0.0,0.0,0.0
116,0.375,0.625,1.2765262027550663e-08
753,0.0,0.0,0.0
75,0.0,0.0,0.0
297,-0.2,0.2,-5.577979324590416e-09
2253,0.13636363636363635,0.45454545454545453,6.556884661857313e-08
2498,0.0,0.0,0.0
147,0.0,0.0,0.0
473,0.0,0.0,0.0
6798,0.0,0.0,0.0
1981,0.1787878787878788,0.49318181818181817,8.2014390964802e-08
82,0.0,0.0,0.0
89,0.0,0.0,0.0
876,0.0,0.0,0.0
454,-0.4,0.4,-3.410643250321951e-08
553,0.1,0.4,1.0385934567335017e-08
424,0.0,0.0,0.0
361,0.0,0.0,0.0
186,0.0,0.0,0.0
24,0.0,0.0,0.0
131,0.0,0.0,0.0
194,0.0,0.0,0.0
192,0.17045454545454544,0.40151515151515155,6.169816015595876e-09
975,0.0,0.0,0.0
263,0.5,0.8500000000000001,5.248136691970484e-08
252,0.3438888888888889,0.5944444444444444,2.4187468502049928e-08
37,0.06818181818181818,0.22727272727272727,2.6920187803897093e-10
798,0.0,0.0,0.0
1317,-0.4,0.75,-1.8551006996175695e-07
1317,0.13582251082251082,0.23845598845598845,2.0027476122689123e-08
52,0.0,0.0,0.0
2740,0.0,0.0,0.0
72,0.0,0.0,0.0
69,0.6125,0.7,1.3890365811772027e-08
7080,0.0,0.125,0.0
3444,0.275,0.42500000000000004,1.889927855880322e-07
155,0.0,0.0,0.0
370,0.0,0.0,0.0
662,0.0,0.0,0.0
12671,0.037500000000000006,0.5,1.1155078286282378e-07
1577,0.0,0.0,0.0
629,0.0,0.0,0.0
5799,0.3125,0.625,5.317942133460223e-07
21,0.0,0.0,0.0
756,0.0,0.0,0.0
44,0.3438888888888889,0.5944444444444444,4.2232087860722095e-09
140,0.0,1.0,0.0
5554,0.20833333333333331,0.3333333333333333,1.8109390881485663e-07
147,0.6,0.35,1.449429476010994e-08
1421,0.0,0.0,0.0
1164,0.0,0.0,0.0
740,0.4121212121212121,0.8181818181818182,1.1715665732256017e-07
121,0.0,0.0,0.0
657,0.0,0.0,0.0
411,0.0,0.0,0.0
685,0.0,0.0,0.0
48,0.4444444444444444,0.6555555555555556,6.566420354674337e-09
52,0.0,0.0,0.0
373,0.0,0.0,0.0
107,0.0,0.0,0.0
15,1.0,0.3,2.1128709562842477e-09
120,0.0,0.0,0.0
32,0.0,0.0,0.0
1598,0.0,0.0,0.0
1,-0.3125,0.875,-1.2838625602421645e-10
3390,0.22986111111111113,0.4930555555555556,1.8039376217949076e-07
53,0.0,0.0,0.0
520,0.0,0.0,0.0
176,-0.16666666666666666,0.43333333333333335,-5.96820833083748e-09
2,-0.3125,0.875,-2.567725120484329e-10
214,0.0,0.0,0.0
1037,0.0,0.0,0.0
3085,0.0,0.0,0.0
705,0.0,0.0,0.0
733,0.0,0.0,0.0
686,0.0,0.0,0.0
733,0.0,0.0,0.0
686,0.0,0.0,0.0
514,0.0,0.0,0.0
1348,0.08333333333333334,0.3145833333333334,9.748825264589937e-09
2268,-0.0625,0.75,-2.9328662718495352e-08
106,0.1278409090909091,0.5761363636363637,2.1538176568408345e-09
41,0.13636363636363635,0.5,7.711881811501102e-10
79,0.0,0.5,0.0
645,0.0,0.0,0.0
351,-0.19999999999999998,0.3333333333333333,-6.455409360261409e-09
1506,0.0,0.375,0.0
244,-0.4,0.6,-1.6155075732346505e-08
10678,0.03333333333333333,0.06666666666666667,6.546140659911809e-09
429,0.0,0.0,0.0
58,-0.2684659090909091,0.7272727272727273,-3.124081611887476e-09
226,0.0,0.0,0.0
747,0.09523809523809523,0.25,4.906584037561328e-09
7254,0.03333333333333333,0.06666666666666667,4.447059781513417e-09
399,0.2715909090909091,0.4386363636363636,1.3112958513980548e-08
77,0.1875,0.5,1.9914524068114127e-09
62,0.0,0.0,0.0
422,0.0,0.0,0.0
392,0.1278409090909091,0.5761363636363637,7.965061523411389e-09
66,0.24545454545454545,0.5848484848484848,2.6137636500638867e-09
92,0.0,0.0,0.0
1336,0.26,0.26,2.4915011059782267e-08
71927,0.11666666666666665,0.7166666666666667,1.6590667966015225e-06
817,0.0,0.0,0.0
278,0.0,0.0,0.0
7338,0.0,0.375,0.0
11457161,0.16666666666666666,0.16666666666666666,8.779755978326446e-05
879,-0.06,0.56,-8.147719752551482e-09
4292,0.07878787878787878,0.19999999999999998,1.8657654528109074e-08
358,0.0,0.0,0.0
4150,0.0,0.0,0.0
2995,0.25,0.55,1.1360761825524157e-07
1159,0.0,0.0,0.0
428,-0.3662109375,0.5,-2.161986683531059e-08
106,-0.625,1.0,-1.8276532910996516e-08
44,0.13,0.16,2.5247823275689074e-10
3752,0.0,0.0,0.0
47,0.0,0.0,0.0
142,0.26,0.26,2.64815237312057e-09
144,0.16666666666666666,0.16666666666666666,1.103488779531865e-09
13011,0.0,0.0,0.0
2233,0.5,0.8888888888888888,2.7378782718829497e-07
966,0.26,0.26,1.8014895721369514e-08
556,0.0,0.0,0.0
723,0.0,0.0,0.0
55,0.5,0.5,3.7932426796407864e-09
2948,-0.2,0.8,-1.3012339688239757e-07
2626,-0.01944444444444447,0.6361111111111111,-8.960477894842288e-09
496,0.005555555555555536,0.2277777777777778,1.7315237515864148e-10
863,0.0,0.0,0.0
37,-0.5,1.0,-5.103635605334876e-09
2435,0.1,0.4,2.686995178160092e-08
279,0.0,0.1,0.0
2226,0.16,0.5399999999999999,5.3057506101939316e-08
1754,0.0,0.0,0.0
921,-0.16666666666666666,0.43333333333333335,-1.8350098829631973e-08
2823,0.0,0.0,0.0
670,0.0,0.0,0.0
159,0.0,0.0,0.0
1671,0.0,0.0,0.0
9,0.0,0.0,0.0
205,-0.2,0.6,-6.78645599412097e-09
135,-0.0625,0.75,-1.745753733243771e-09
264,0.0,0.0,0.0
546,0.014814814814814808,0.32962962962962966,7.355683642328044e-10
172,0.0,0.0,0.0
442,0.0,0.0,0.0
221,0.021590909090909084,0.5511363636363638,7.254879428745921e-10
9774,0.0,0.0,0.0
311,0.3,0.85,2.1878044415193644e-08
361,0.2715909090909091,0.4386363636363636,1.1864105322172876e-08
795,1.0,1.0,2.193183949319582e-07
77,1.0,0.4,8.496863602395362e-09
517,0.15000000000000002,0.4166666666666667,8.91412029715585e-09
470,0.0,0.0,0.0
4,0.0,0.3,0.0
712,0.0,0.0,0.0
3278,0.13636363636363635,0.45454545454545453,5.6052214142129965e-08
268,-0.16666666666666666,0.21666666666666667,-2.669829797145151e-09
257,0.13636363636363635,0.5,4.834033233062886e-09
410,0.0,0.0,0.0
257,0.0,0.0,0.0
42,0.0,0.0,0.0
1316,0.0,0.0,0.0
7984,0.25,0.5333333333333333,2.9367514719274705e-07
6722,0.2857142857142857,0.5357142857142857,2.838387082658111e-07
156,0.0,0.0,0.0
610,0.0,0.0,0.0
137,0.0,0.0,0.0
1913,0.0,0.0,0.0
299,0.0,0.0,0.0
1929,0.13636363636363635,0.45454545454545453,3.298496677247367e-08
1939,-0.21666666666666667,0.75,-8.692388020518663e-08
6059,0.1,0.2,3.343019257591786e-08
2251,0.0,0.0,0.0
288,0.1,0.4,3.178047685051772e-09
5150,0.13636363636363635,0.45454545454545453,8.806250849053366e-08
582,0.5,0.5,4.013940435547159e-08
1026,0.13636363636363635,0.45454545454545453,1.7544103633259713e-08
