440,0.0,0.0,-0.0
580,0.175,0.275,-1.8403758362664733e-08
110,-0.25,0.8666666666666667,1.5714210753014218e-08
8,0.4166666666666667,0.5,-1.098895856854141e-09
336,0.0,0.0,-0.0
79,0.0,0.0,-0.0
634,0.25,0.2,-2.0900999197365767e-08
132071,0.08522727272727272,0.42727272727272725,-3.171020258397558e-06
610,0.0,0.0,-0.0
287,0.5,0.6,-5.676895996508493e-08
132,0.25,0.25,-5.439534491427998e-09
911,0.875,0.6000000000000001,-3.1534464956214866e-07
5,-0.24183238636363638,0.7272727272727273,5.798151434795999e-10
196,0.0,0.0,-0.0
853,0.0,0.0,-0.0
255,0.0,0.0,-0.0
487,0.0,0.0,-0.0
273,0.53125,0.65,-6.21559534983571e-08
302,0.25,0.2,-9.955996463098519e-09
67,0.0,0.0,-0.0
10,0.0,0.2,-0.0
304,0.5,0.6,-6.01315812870586e-08
54,0.625,0.5,-1.1126320550648179e-08
177,0.875,0.6000000000000001,-6.126893849890266e-08
192,-0.4583333333333333,0.7000000000000001,4.061519086932906e-08
426,-0.4318181818181818,0.6272727272727273,7.608073779062503e-08
1024,-0.4545454545454546,0.8181818181818182,2.510931623992008e-07
72,0.1416666666666667,0.7625,-5.1279975160098505e-09
38,0.0,0.0,-0.0
587,-0.2,0.05,3.870311207840285e-09
2324,0.0,0.0,-0.0
769,0.244140625,0.625,-7.736672185554515e-08
1509,0.0,0.0,-0.0
2012,0.0,0.0,-0.0
426,-0.5,1.0,1.4043889050595923e-07
1078,0.0,0.0,-0.0
173,0.175,0.275,-5.489396890932755e-09
953,-0.6,0.7,2.639064333986631e-07
1143,0.175,0.275,-3.626809622159618e-08
5009,0.5,0.6,-9.907864824568307e-07
349,0.5,0.5,-5.752719810631429e-08
1167,0.125,0.18333333333333332,-1.763315764304576e-08
216,0.0,0.0,-0.0
166,0.5,0.5,-2.7362506835668117e-08
54,0.0,0.0,-0.0
478,0.0,0.0,-0.0
375,0.0,0.0,-0.0
2118,0.0,0.0,-0.0
1033,-0.037500000000000006,0.8875,2.2667714670727486e-08
1202,0.0,0.0,-0.0
1817,0.35,0.5,-2.0965284604991732e-07
141,0.0,0.0,-0.0
14206,0.0,0.0,-0.0
562,0.0,0.0,-0.0
19,0.0,0.5833333333333334,-0.0
206,0.15,0.65,-1.3242793970949255e-08
13,0.4,0.4,-1.3714220293539684e-09
450,-0.75,1.0,2.2252641101296357e-07
2237,0.0,0.0,-0.0
307,-0.75,1.0,1.5181246262439962e-07
825,0.53125,0.65,-1.8783392540712306e-07
332,0.0,0.0,-0.0
2099,0.38712121212121214,0.4515151515151515,-2.419020352932392e-07
259,0.0,0.0,-0.0
789,1.0,0.3,-1.5606518959042512e-07
3,0.0,0.0,-0.0
1078,0.0,0.0,-0.0
9333,1.0,0.3,-1.8460791057635459e-06
355,0.175,0.275,-1.126436934266548e-08
26,-0.75,1.0,1.2857081525193452e-08
440,0.3333333333333333,0.6666666666666666,-6.446855693544295e-08
2658,0.0,0.0,-0.0
142508,1.0,0.2,-1.8792174092228395e-05
402,0.0,0.0,-0.0
169,1.0,0.6,-6.685682393100594e-08
2883,0.26666666666666666,0.39999999999999997,-2.0275947233987127e-07
498,0.2852272727272727,0.42727272727272725,-4.001597022401364e-08
242,0.0,0.0,-0.0
323,0.0,0.0,-0.0
120,0.53125,0.65,-2.7321298241036085e-08
426,-0.24183238636363638,0.7272727272727273,4.9400250224461904e-08
0,-0.1607142857142857,0.10714285714285714,0.0
1848,-0.75,1.0,9.138417945599037e-07
239,0.0,0.0,-0.0
3432,0.0,0.0,-0.0
58,0.5,0.5,-9.560393954631028e-09
444,0.175,0.275,-1.4088394332798517e-08
890,0.25,0.75,-1.1002694766752089e-07
208,0.175,0.275,-6.599968516265972e-09
490,0.0,0.0,-0.0
51,-0.4318181818181818,0.6272727272727273,9.108257341131168e-09
458,0.35,0.55,-5.8130491931727215e-08
1539,0.0,0.0,-0.0
1391,0.06818181818181818,0.22727272727272727,-1.4211856644583671e-08
4398,0.0,0.0,-0.0
122,0.175,0.275,-3.871135379732926e-09
119,0.0,0.0,-0.0
101007,0.0,0.0,-0.0
103,1.0,0.6,-4.0747058372151555e-08
2729,0.0,0.0,-0.0
44,0.025000000000000022,1.0,-6.259940781694615e-10
120,0.0,0.0,-0.0
31,-0.375,0.6,3.969371541119991e-09
368,0.025000000000000022,1.0,-5.235586835599133e-09
4,0.0,0.125,-0.0
20,0.025000000000000022,1.0,-2.845427628043007e-10
88,0.025000000000000022,1.0,-1.251988156338923e-09
1862,0.025000000000000022,1.0,-2.6490931217080393e-08
736,0.13636363636363635,0.45454545454545453,-2.5961587614541132e-08
461,0.0,0.0,-0.0
360,0.0,0.0,-0.0
71,0.0,0.125,-0.0
1997,0.0,0.0,-0.0
534,0.025000000000000022,1.0,-7.597291766874828e-09
11,0.025000000000000022,1.0,-1.5649851954236538e-10
191,0.0,0.125,-0.0
1598,0.025000000000000022,1.0,-2.2734966748063623e-08
1680,0.025000000000000022,1.0,-2.3901592075561255e-08
697,0.0,0.0,-0.0
683,0.0,0.0,-0.0
458,0.4,0.375,-3.909617560931088e-08
1063,0.5,0.5,-1.5123447843048568e-07
135,0.0,0.0,-0.0
3715,-0.5,1.0,1.057076363817976e-06
1210,0.025000000000000022,1.0,-1.7214837149660193e-08
82,0.225,0.375,-3.937360480304508e-09
255,0.0,0.125,-0.0
494,0.3,0.4,-3.373538995807786e-08
1333,0.0,0.0,-0.0
97,0.025000000000000022,1.0,-1.3800323996008585e-09
59,0.4,0.4,-5.372167361745194e-09
342,0.025000000000000022,1.0,-4.865681243953542e-09
5514,0.0,0.5,-0.0
153,0.025000000000000022,1.0,-2.1767521354529005e-09
7707,-0.19047619047619047,0.2380952380952381,1.9890894085557762e-07
166,0.025000000000000022,1.0,-2.3617049312756958e-09
232,0.31785714285714284,0.5928571428571429,-2.4879838480092103e-08
19,0.025000000000000022,1.0,-2.703156246640857e-10
422,1.0,0.3,-7.204622754204886e-08
49,0.025000000000000022,1.0,-6.971297688705367e-10
229,0.2857142857142857,0.5357142857142857,-1.9947028372097384e-08
77,0.0,0.0,-0.0
2648,0.0,0.0,-0.0
268,0.025000000000000022,1.0,-3.812873021577629e-09
5,0.025000000000000022,1.0,-7.113569070107518e-11
26,0.016666666666666663,0.13333333333333333,-3.28804970351636e-11
146,0.0,0.125,-0.0
185,0.025000000000000022,1.0,-2.632020555939781e-09
1237,0.0,0.0,-0.0
88,0.0,0.0,-0.0
66,0.75,0.4,-1.1267893407050298e-08
628,0.0,0.0,-0.0
620,-0.6999999999999998,0.6666666666666666,1.646554120760885e-07
9,0.875,0.8,-3.5852388113341863e-09
5,0.0,0.0,-0.0
2,0.0,0.0,-0.0
138,0.09999999999999998,0.662962962962963,-5.2065002420680214e-09
176,0.025000000000000022,1.0,-2.503976312677846e-09
2824,-0.0031250000000000028,0.621875,3.123168040424017e-09
294,0.1875,0.375,-1.1764064849690296e-08
52,0.0,0.0,-0.0
57,0.0,0.5,-0.0
479,0.0,0.0,-0.0
186,0.0,0.2,-0.0
1,0.0,0.0,-0.0
589,0.025000000000000022,1.0,-8.379784364586655e-09
51,0.025000000000000022,1.0,-7.255840451509667e-10
3,0.025000000000000022,1.0,-4.268141442064511e-11
171,0.14285714285714285,0.26785714285714285,-3.7237356458828087e-09
6113,0.0,0.0,-0.0
294,0.025000000000000022,1.0,-4.18277861322322e-09
57,0.2875,0.5,-4.662944525455473e-09
187,-0.08333333333333333,0.375,3.3255935402752612e-09
190,0.0,0.125,-0.0
78,0.025000000000000022,1.0,-1.1097167749367728e-09
12861,-0.1,0.42500000000000004,3.110578801562193e-07
704,0.0,0.0,-0.0
374,0.025000000000000022,1.0,-5.3209496644404235e-09
1,0.025000000000000022,1.0,-1.4227138140215036e-11
2,0.0,0.0,-0.0
1409,0.0,0.0,-0.0
83,0.025000000000000022,1.0,-1.1808524656378479e-09
774,0.2875,0.5,-6.331787829302695e-08
11,0.025000000000000022,1.0,-1.5649851954236538e-10
48,0.014814814814814808,0.36296296296296293,-1.4688495541634333e-10
118,0.08333333333333333,0.16666666666666666,-9.326679447474292e-10
231,0.0,0.0,-0.0
82,0.0,0.125,-0.0
360,0.65,0.85,-1.1319111104355072e-07
48,-0.08333333333333333,0.375,8.536282884129013e-10
943,0.2,0.30000000000000004,-3.2198859038934644e-08
1132,0.025000000000000022,1.0,-1.610512037472342e-08
324,0.025000000000000022,1.0,-4.609592757429671e-09
210,0.3333333333333333,0.5,-1.9917993396301028e-08
278,0.0,0.0,-0.0
48,0.025000000000000022,1.0,-6.829026307303217e-10
24,-0.1,0.4,5.46322104584257e-10
183,0.025000000000000022,1.0,-2.6035662796593512e-09
836,0.25,0.75,-8.920415613914818e-08
107,0.0,0.125,-0.0
554,0.0,0.0,-0.0
748,0.17222222222222222,0.6444444444444445,-1.8543925342011486e-08
85,0.0,0.0,-0.0
1165,0.17222222222222222,0.6444444444444445,-2.8881915806742488e-08
2002,0.17222222222222222,0.6444444444444445,-4.963227076832486e-08
7,0.0,0.0,-0.0
3395,0.0,0.0,-0.0
38,0.0,0.0,-0.0
3160,0.0,0.0,-0.0
3889,0.6,0.9,-4.6909100190843596e-07
446,0.5,0.6,-2.9886944208902945e-08
80,0.0,0.0,-0.0
284,0.0,0.0,-0.0
8438,0.0,0.0,-0.0
924,-0.4,0.7,5.7790360281968386e-08
2038,-0.4,0.7,1.2746401975611643e-07
4426,0.0,0.0,-0.0
822,0.0,0.0,-0.0
14580,0.0,0.0,-0.0
780,0.0,0.1,-0.0
433,0.0,0.0,-0.0
386,0.0,0.0,-0.0
545,0.0,0.0,-0.0
1370,0.5,0.9,-1.377077810522322e-07
195,0.0,0.0,-0.0
269,0.5,0.5,-1.5021651704400025e-08
150,0.525,0.9624999999999999,-1.6930769613857926e-08
2888,0.0,0.0,-0.0
1047,0.6,0.8,-1.1225697071469556e-07
141,0.0,0.0,-0.0
545,0.0,0.0,-0.0
8094,0.0,0.0,-0.0
1445,0.0,0.0,-0.0
1817,0.0,0.0,-0.0
920,0.0,0.0,-0.0
8179,0.0,0.0,-0.0
70,0.0,0.0,-0.0
1172,0.0,0.0,-0.0
43792,0.0,0.0,-0.0
16513,0.0,0.0,-0.0
9,0.0,0.0,-0.0
24146,0.0,0.0,-0.0
67,0.0,0.0,-0.0
1409,0.0,0.0,-0.0
1828,0.0,0.125,-0.0
747,0.375,0.75,-4.692870093340213e-08
302,0.0,0.0,-0.0
1428,0.0,0.0,-0.0
16,0.0,0.0,-0.0
877,0.0,0.0,-0.0
13583,0.10416666666666666,0.7708333333333333,-2.4361854988679853e-07
1636,0.0,0.0,-0.0
1939,0.0,0.0,-0.0
13690,0.4,0.625,-7.644848023540385e-07
450,-0.625,1.0,6.282289281579936e-08
438,0.0,0.0,-0.0
35,0.0,0.0,-0.0
594,0.0,0.0,-0.0
766,0.1,0.3625,-6.202434404489631e-09
219,0.0,0.0,-0.0
504,0.21666666666666667,0.48333333333333334,-1.1789483672241388e-08
217,0.21666666666666667,0.48333333333333334,-5.0760276922150434e-09
771,0.0,0.0,-0.0
140,0.0,0.0,-0.0
5011,0.0,0.0,-0.0
20,0.0,0.0,-0.0
65,0.0,0.0,-0.0
40,0.1,0.4,-3.573924569076587e-10
1053,0.1,0.4,-9.408356428094114e-09
3820,0.2,0.4,-6.82619592693628e-08
13621,0.2,0.4,-2.4340213277696096e-07
585,0.2,0.6,-1.568059404682352e-08
2175,0.0,0.0,-0.0
1341,0.0,0.0,-0.0
23387,0.0,0.0,-0.0
84682,0.0,0.0,-0.0
11047,0.0,0.0,-0.0
9200,0.0,0.0,-0.0
172829,0.0,0.0,-0.0
60714,0.0,0.0,-0.0
22320,0.0,0.0,-0.0
16223,0.0,0.0,-0.0
122944,0.0,0.0,-0.0
271,0.5,0.5,-1.5133336847183668e-08
219,0.0,0.13333333333333333,-0.0
16,0.0,0.0,-0.0
265,0.6,0.675,-2.397321589850904e-08
2208,0.0,0.0,-0.0
218,0.0,0.0,-0.0
140,0.0,0.0,-0.0
1166,0.0,0.0,-0.0
0,0.5,1.0,-0.0
120,0.0,0.0,-0.0
1801,0.13636363636363635,0.45454545454545453,-2.4935323407439042e-08
53,0.5,0.9,-5.327381310779786e-09
508,0.0,0.0,-0.0
3487,0.0,0.0,-0.0
4428,0.0,0.0,-0.0
60120,0.0,0.0,-0.0
11845,0.0,0.0,-0.0
8795,0.0,0.0,-0.0
956,0.0,0.0,-0.0
212,-0.2916666666666667,0.5416666666666666,5.8488107721167714e-09
323,0.0,0.0,-0.0
27656,0.0,0.0,-0.0
2765,0.0,0.0,-0.0
37,0.0,0.0,-0.0
2962,0.032467532467532464,0.3344155844155844,-5.616084671095402e-09
3182,0.0,0.0,-0.0
405,0.0,0.0,-0.0
2559,0.14069264069264067,0.6785714285714285,-4.2662867027052615e-08
102535,0.0,0.0,-0.0
249,0.0,0.0,-0.0
119,0.5056818181818181,0.5272727272727273,-5.540799175313386e-09
946,0.425,0.65,-4.563585841157075e-08
0,0.0,0.0,-0.0
510,0.0,0.0,-0.0
199,-0.2916666666666667,0.5416666666666666,5.490157281373762e-09
158,0.13333333333333336,0.6190476190476191,-2.2773652109220185e-09
1442,0.033333333333333326,0.8333333333333334,-6.9948041744908835e-09
1496,0.0,0.0,-0.0
170,1.0,1.0,-2.9686686232929417e-08
27656,0.0,0.1,-0.0
549,0.0,0.0,-0.0
10,0.0,0.0,-0.0
351,0.0,0.0,-0.0
952,-0.3333333333333333,0.5,2.7707573817400792e-08
3947,0.0,0.25,-0.0
1322,0.0,0.0,-0.0
30,0.0,0.0,-0.0
181,0.0,0.0,-0.0
157,0.032467532467532464,0.3344155844155844,-2.976790321951311e-10
650,0.0,0.0,-0.0
3694,0.0,0.0,-0.0
1365,0.2130681818181818,0.45454545454545453,-2.308561089493307e-08
4867,0.0,0.0,-0.0
2518,0.9765625,0.6,-2.576438738551801e-07
65,-0.1,0.2,2.2701583589887203e-10
871,0.032467532467532464,0.3344155844155844,-1.6514550130061093e-09
11,0.0,0.0,-0.0
4189,-0.3333333333333333,0.5,1.2191914571543266e-07
670,0.0,0.0,-0.0
519,0.0,0.0,-0.0
111,0.0,0.0,-0.0
29,0.5,0.4,-1.0128398832411214e-09
303,0.0,0.0,-0.0
1388,0.5056818181818181,0.5272727272727273,-6.462713659945361e-08
27656,0.0,0.0,-0.0
1570,0.5056818181818181,0.5272727272727273,-7.310130004405056e-08
19407,0.0,0.0,-0.0
904,0.032467532467532464,0.3344155844155844,-1.7140244911108181e-09
8,0.0,0.0,-0.0
129,0.5056818181818181,0.5272727272727273,-6.006412551390142e-09
283,0.225,0.6,-6.671646161935696e-09
939,0.5,0.5,-4.0993821136354e-08
434,0.0,0.0,-0.0
44,0.0,0.0,-0.0
111,-0.75,1.0,1.453774487583161e-08
231,0.0,0.0,-0.0
12,0.0,0.0,-0.0
27656,0.0,0.0,-0.0
438,-0.16590909090909092,0.7386363636363636,9.373197749264638e-09
4878,0.0,0.0,-0.0
2077,0.13333333333333336,0.6190476190476191,-2.9937262930917925e-08
1574,0.5,0.6,-8.245913670111336e-08
688,-0.3333333333333333,0.5,2.002396091005435e-08
119,0.5,0.6333333333333333,-6.580548781632688e-09
285,0.0,0.0,-0.0
27656,0.0,0.0,-0.0
2555,0.032467532467532464,0.3344155844155844,-4.844394441137323e-09
396,-0.3333333333333333,0.5,1.1525419361019655e-08
3807,0.032467532467532464,0.3344155844155844,-7.2182425195341655e-09
224,0.0,0.0,-0.0
170,0.0,0.0,-0.0
161,0.0,0.0,-0.0
177,0.5,0.6,-9.272723758638542e-09
225,0.5,0.6333333333333333,-1.2442214082918947e-08
304,-0.2916666666666667,0.5416666666666666,8.386973937374994e-09
267,0.5056818181818181,0.5272727272727273,-1.2431877141249362e-08
95,0.0,0.0,-0.0
11,0.0,0.0,-0.0
4222,0.17222222222222222,0.6444444444444445,-8.182870962862004e-08
1013,-0.2916666666666667,0.5416666666666666,2.7947383547897592e-08
93,0.1642857142857143,0.5071428571428571,-1.353087440428799e-09
680,0.0,0.0,-0.0
174,0.0,0.0,-0.0
455,0.0,0.0,-0.0
546,-0.5,1.0,4.767332553876312e-08
320,0.5056818181818181,0.5272727272727273,-1.4899628034456164e-08
1382,0.21103896103896103,0.4951298701298701,-2.5217533782502723e-08
32194,0.13636363636363635,0.45454545454545453,-3.484685865032558e-07
849,0.5056818181818181,0.5272727272727273,-3.953057562891651e-08
109,0.0,0.0,-0.0
365,-0.125,0.375,2.98776851333251e-09
197,0.5,0.4,-6.880326103396584e-09
357,0.0,0.0,-0.0
428,0.5056818181818181,0.5272727272727273,-1.992825249608512e-08
2124,0.032467532467532464,0.3344155844155844,-4.0271991361940024e-09
609,0.45,0.7,-3.3499679138200085e-08
993,0.5056818181818181,0.5272727272727273,-4.623540824442179e-08
273,-0.4,0.4,6.028180213261657e-09
5080,0.0,0.0,-0.0
257,0.0666666666666667,0.6666666666666666,-1.576355631673022e-09
7101,0.0,0.0,-0.0
119,0.0,0.0,-0.0
59,1.0,1.0,-8.14245953714372e-09
13913,0.0,0.0,-0.0
5728,0.65,0.25,-1.2845764978259957e-07
1326,0.0,0.0,-0.0
174,0.0,0.0,-0.0
338,0.0,0.0,-0.0
774,0.3,0.2,-6.409081710253463e-09
325,-0.9,0.9,3.633055039242516e-08
51,0.0,1.0,-0.0
5982,0.0,0.0,-0.0
703,0.0,0.0,-0.0
126,0.0,1.0,-0.0
330,-0.1,0.4,1.8217028116999514e-09
457,0.0,0.0,-0.0
306,0.0,0.5,-0.0
306,0.0,0.05,-0.0
614,-0.1875,0.5,7.944073340793821e-09
773,0.0,0.0,-0.0
610,-0.20000000000000004,0.3166666666666667,5.331700905960211e-09
52,0.0,1.0,-0.0
306,-0.16666666666666666,0.06666666666666667,4.692264818015025e-10
16981,0.0,0.0,-0.0
58,1.0,0.3,-2.4013355245135716e-09
26,0.075,0.38749999999999996,-1.0428213538566479e-10
224,0.0,0.1,-0.0
735,0.1,0.35,-3.550250365983427e-09
2011,-0.3,0.4,3.3304039584805464e-08
2668,0.0,0.0,-0.0
11600,0.22999999999999998,0.47000000000000003,-1.7305624679994472e-07
52251,0.125,0.625,-5.633628883412295e-07
14564,0.0,0.0,-0.0
611,0.6,0.8,-4.047492428904255e-08
4,0.12878787878787878,0.2626262626262626,-1.8671393521333125e-11
160,0.5875,0.825,-1.0702504018737212e-08
5514,0.0,0.5,-0.0
359,0.4,0.4083333333333333,-8.092316707225716e-09
753,-0.1,0.1,1.039198649401563e-09
284,0.16666666666666666,0.3666666666666667,-2.3952018450128982e-09
5746,0.175,0.5125000000000001,-7.112153764630712e-08
19,0.3214285714285714,0.5357142857142857,-4.51517829314546e-10
2138,0.0767195767195767,0.6082010582010582,-1.3767803781262683e-08
5855,0.0,0.0,-0.0
551,0.0,0.0,-0.0
0,0.8,0.75,-0.0
2678,0.0,0.0,-0.0
143,0.13392857142857142,0.8214285714285714,-2.171114240665997e-09
201,0.0,0.0,-0.0
245,0.0,0.0,-0.0
1209,0.16666666666666666,0.8333333333333333,-2.317380786348106e-08
595,-0.19444444444444445,0.45,7.185030502585508e-09
574,0.0,0.0,-0.0
26681,0.3,0.5,-5.523278718064362e-07
1020,0.0,0.0,-0.0
16,0.25,0.3125,-1.7250973595643476e-10
544,0.09999999999999999,0.16666666666666666,-1.2512706181373398e-09
29,0.0,0.0,-0.0
167,0.0,0.0,-0.0
2490,0.17857142857142858,0.4732142857142857,-2.9038405426238128e-08
1205,0.0,0.0,-0.0
45,0.0,0.0,-0.0
321,0.25,0.6666666666666666,-7.383416698935406e-09
379,0.6,1.0,-3.138297116519461e-08
6288,0.2380952380952381,0.5595238095238095,-1.1560734087442381e-07
950,0.0,0.0,-0.0
960,0.0,0.0,-0.0
13910,0.0,0.25,-0.0
86,-0.13333333333333333,0.3833333333333333,6.066209026165829e-10
5000,-0.75,1.0,5.175292078693043e-07
201,0.1,0.1,-2.7739565541794714e-10
273,0.03333333333333333,0.06666666666666667,-8.372472518418967e-11
6,0.0,0.125,-0.0
798,0.46666666666666673,0.5499999999999999,-2.826675529487757e-08
961,0.3,0.5,-1.9893822750496055e-08
216012,0.0,0.125,-0.0
40,0.6000000000000001,0.575,-1.90450748495904e-09
359,0.7500000000000001,0.9,-3.3442737412514445e-08
1329,0.45,0.75,-6.190166855324749e-08
325,-0.2,0.4,3.5882025078938434e-09
342,0.7,0.7,-2.312734524126346e-08
4671,0.4420454545454545,0.6227272727272727,-1.7745093018488443e-07
377,0.1,0.4,-2.0811574545784293e-09
555,0.25,0.25,-4.787145172791064e-09
204,0.0,0.0,-0.0
611,0.3181818181818182,0.4772727272727273,-1.280521235900752e-08
138,0.0,1.0,-0.0
23,0.0,0.0,-0.0
1070,0.75,1.0,-1.1075125048403112e-07
29,0.3571428571428571,0.5357142857142857,-7.657319912351949e-10
929,0.6,1.0,-7.692554145769338e-08
4553,0.0,0.0,-0.0
10,0.6,0.675,-5.589315444988486e-10
986,0.0,0.0,-0.0
13,-0.15,0.65,1.7492487225982485e-10
76,0.0,0.0,-0.0
377,0.5,0.9,-2.3413021364007323e-08
77,0.13636363636363635,0.45454545454545453,-5.74400551806351e-10
1210,0.09666666666666665,0.4833333333333333,-6.8038869849315e-09
649,0.0909090909090909,0.30303030303030304,-2.1517227020047435e-09
286,0.14545454545454542,0.6181818181818182,-3.0949795827615344e-09
132071,0.08522727272727272,0.42727272727272725,-5.788145776051915e-07
333,0.2,0.30000000000000004,-2.4046048243047597e-09
5,-0.24183238636363638,0.7272727272727273,1.0583516660717672e-10
551,0.21212121212121213,0.3181818181818182,-4.475682683468881e-09
426,-0.4318181818181818,0.6272727272727273,1.3887215003295317e-08
1024,-0.4545454545454546,0.8181818181818182,4.5832688185691186e-08
0,0.0,0.0,-0.0
199,-0.05681818181818182,0.4772727272727273,6.494642602810447e-10
898,-0.13181818181818183,0.5272727272727272,7.511647375482057e-09
1716,0.2568181818181818,0.4515151515151515,-2.3947688986652548e-08
1187,0.19090909090909092,0.3696969696969697,-1.0082574728398173e-08
415,0.13636363636363635,0.45454545454545453,-3.09579518181345e-09
2099,0.38712121212121214,0.4515151515151515,-4.415500784307452e-08
32,0.0,0.0,-0.0
7,0.3041666666666667,0.7999999999999999,-2.0499717471133332e-10
668,0.03673469387755103,0.608843537414966,-1.798070924225571e-09
642,0.3806818181818182,0.5272727272727272,-1.5508889496245738e-08
149,0.13636363636363635,0.45454545454545453,-1.1115023664824194e-09
415,0.13636363636363635,0.45454545454545453,-3.09579518181345e-09
109,0.0,0.0,-0.0
426,-0.24183238636363638,0.7272727272727273,9.017156194931457e-09
33700,0.017424242424242425,0.296969696969697,-2.098670083458397e-08
2037,0.03673469387755103,0.608843537414966,-5.4830396297118085e-09
51,-0.4318181818181818,0.6272727272727273,1.662553908845214e-09
1649,0.3403409090909091,0.8136363636363637,-5.495578180793412e-08
2536,0.06818181818181818,0.22727272727272727,-4.729479868119824e-09
696,0.13636363636363635,0.45454545454545453,-5.191984208535328e-09
3512,0.33291903409090906,0.45454545454545453,-6.396150625075795e-08
1184,0.13636363636363635,0.45454545454545453,-8.832340952450904e-09
38,0.03673469387755103,0.608843537414966,-1.022854717373828e-10
4670,0.2130681818181818,0.45454545454545453,-5.443284449950606e-08
157,-0.4545454545454546,0.8181818181818182,7.02708207534523e-09
1,0.13636363636363635,0.45454545454545453,-7.459747426056506e-12
641,-0.054545454545454564,0.21818181818181817,9.180860352196266e-10
147,0.0,0.0,-0.0
88,0.34659090909090906,0.5078671328671329,-1.864224354997151e-09
350,0.37878787878787873,0.6515151515151515,-1.0395296181680593e-08
569,0.07846320346320346,0.3896103896103896,-2.093423338050313e-09
902,0.125,0.45,-6.106288151809945e-09
179,0.13636363636363635,0.45454545454545453,-1.3352947892641146e-09
112,-0.24183238636363638,0.7272727272727273,2.370707732000758e-09
29,0.13636363636363635,0.45454545454545453,-2.1633267535563867e-10
40279,-0.03977272727272728,0.22727272727272727,4.381871179206063e-08
147,0.13636363636363635,0.45454545454545453,-1.0965828716303065e-09
1,0.34659090909090906,0.5078671328671329,-2.1184367670422172e-11
1191,0.17045454545454544,0.45454545454545453,-1.1105698980541625e-08
242,0.13636363636363635,0.45454545454545453,-1.8052588771056746e-09
329,0.09666666666666665,0.4833333333333333,-1.84998249424997e-09
273,0.16666666666666666,0.16666666666666666,-9.126586545367578e-10
358,-0.24183238636363638,0.7272727272727273,7.577797929073852e-09
12469,-0.3068181818181818,0.7272727272727273,3.348561263597949e-07
39,0.34659090909090906,0.5078671328671329,-8.261903391464646e-10
526,0.2537878787878788,0.6515151515151515,-1.0467172229565358e-08
2962,0.032467532467532464,0.3344155844155844,-3.870517862629039e-09
2285,0.14545454545454545,0.3181818181818182,-1.2727323741842542e-08
71,0.03673469387755103,0.608843537414966,-1.9111232877247838e-10
322,0.0,0.0,-0.0
4,0.34659090909090906,0.5078671328671329,-8.473747068168869e-11
21489,-0.03787878787878788,0.4348484848484849,4.2598908398016315e-08
1276,0.3119318181818182,0.7147727272727273,-3.4239432235472074e-08
1078,0.0244140625,0.55,-1.7420865693944574e-09
598,-0.24183238636363638,0.7272727272727273,1.2657885926218333e-08
85,0.25757575757575757,0.4696969696969697,-1.2376273553711157e-09
202,-0.03181818181818183,0.4772727272727273,3.691829001155367e-10
285,0.34659090909090906,0.5078671328671329,-6.037544786070319e-09
3346,0.13636363636363635,0.45454545454545453,-2.4960314887585074e-08
104,0.2537878787878788,0.6515151515151515,-2.0695549655414396e-09
4053,0.34659090909090906,0.5078671328671329,-8.586024216822105e-08
1177,0.13636363636363635,0.45454545454545453,-8.780122720468507e-09
31,0.125,0.45,-2.0986134446353468e-10
93,0.0,0.0,-0.0
1898,0.06818181818181818,0.2772727272727273,-4.318373187469851e-09
17,0.13636363636363635,0.45454545454545453,-1.2681570624296062e-10
723,0.17045454545454544,0.45454545454545453,-6.7417467362985675e-09
20,0.19545454545454546,0.5515151515151515,-2.5946659269474774e-10
3990,-0.05705492424242423,0.5515151515151515,1.5110251990633624e-08
43,0.0,0.0,-0.0
81,0.0,0.0,-0.0
1177,0.13636363636363635,0.45454545454545453,-8.780122720468507e-09
56,0.16666666666666666,0.16666666666666666,-1.8721203169984775e-10
6386,0.2681818181818182,0.6772727272727272,-1.3959506420968237e-07
329,0.06818181818181818,0.22727272727272727,-6.135642257931476e-10
174,0.13636363636363635,0.45454545454545453,-1.297996052133832e-09
19679,0.2672727272727273,0.450909090909091,-2.8542689461555075e-07
13,-0.24183238636363638,0.7272727272727273,2.751714331786594e-10
224,0.20681818181818182,0.4292929292929293,-2.3935290333856566e-09
