184,0.6,0.95,-6.060494181800499e-08
732,0.1642857142857143,0.30714285714285716,-2.1343550267001492e-08
1467,0.0,0.0,-0.0
169,0.0,0.0,-0.0
164,0.13636363636363635,0.5,-6.4614172418821625e-09
368,0.0,0.0,-0.0
447,0.0,0.0,-0.0
580,0.0,0.0,-0.0
1175,-0.375,0.5,1.2730764916360816e-07
954,-0.07142857142857142,0.21428571428571427,8.43779399406563e-09
0,0.0,0.0,-0.0
3691,0.5,0.9,-9.597804930646015e-07
273,0.5,0.9,-7.098891211233708e-08
122,0.0,0.0,-0.0
1005,0.0,0.0,-0.0
81,0.5,0.9,-2.1062644253111004e-08
140,0.0,0.0,-0.0
64,-0.2916666666666667,0.5416666666666666,5.842708815830212e-09
278,0.5,0.9,-7.228907533783777e-08
232,0.5181818181818182,0.48977272727272725,-3.4023588204421676e-08
4672,0.0,0.0,-0.0
2128,0.0,0.0,-0.0
206,0.5,0.9,-5.3566724890627977e-08
640,0.25,0.25,-2.3114012897789853e-08
6674,0.0,0.0,-0.0
788,0.0,0.0,-0.0
292,-0.2,0.4,1.3498583532309276e-08
14,0.13636363636363635,0.5,-5.515843986972578e-10
5235,0.16666666666666666,0.2916666666666667,-1.4705086851380368e-07
78,0.0,0.0,-0.0
58,0.35,0.65,-7.624735004658427e-09
83,0.0,0.0,-0.0
444,0.5,0.5,-6.414138579136684e-08
2387,0.0,0.0,-0.0
13,0.35,0.65,-1.7089923286303371e-09
732,0.45,0.45,-8.565475329598476e-08
1980,0.2,0.4,-9.153149107524782e-08
411598,0.0,0.0,-0.0
2331,0.0,0.0,-0.0
65,0.0,0.0,-0.0
1169,0.0,0.3333333333333333,-0.0
0,0.8,0.8,-0.0
648,0.0,0.0,-0.0
98,-0.025568181818181823,0.4772727272727273,6.910474995042351e-10
291,0.0,0.0,-0.0
5166,0.0,0.0,-0.0
161,0.4916666666666667,0.9629629629629629,-4.404753257267554e-08
4,-0.75,1.0,1.7335509673342389e-09
53,0.0,0.0,-0.0
923,0.5,0.9,-2.4001013142742536e-07
1306,0.0,0.0,-0.0
55,0.16666666666666666,0.39999999999999997,-2.118784515630736e-09
732,-0.025568181818181823,0.4772727272727273,5.161701730990818e-09
1196,-0.1875,0.5,6.479146740411718e-08
723,-0.75,1.0,3.1333933734566367e-07
657,0.5,0.9,-1.7084144783078923e-07
320,0.35,0.65,-4.206750347397753e-08
501,0.5,0.9,-1.3027635519516805e-07
153,0.0,0.0,-0.0
482,0.375,0.7250000000000001,-7.572367319186873e-08
525,0.0,0.0,-0.0
47809,0.0,0.0,-0.0
602,0.06818181818181818,0.22727272727272727,-5.390483896359564e-09
167,0.33499999999999996,0.75,-2.4245877216878496e-08
19912,0.0,0.0,-0.0
131,0.0,0.0,-0.0
428,0.5,0.9,-1.1129397210285813e-07
1696,0.12348484848484849,0.5,-6.050968406788077e-08
1862,0.0,0.0,-0.0
171,0.0,0.0,-0.0
1034,0.35,0.65,-1.359306206002899e-07
798,0.35,0.6,-9.683615703529058e-08
732,-0.025568181818181823,0.4772727272727273,5.161701730990818e-09
725,0.0,0.0,-0.0
180,0.0,0.0,-0.0
376,0.10416666666666667,0.43333333333333335,-9.807404083715002e-09
438,0.0,0.0,-0.0
309,0.37083333333333335,0.37777777777777777,-2.5014337888740783e-08
51,-0.05,0.35,5.157314127819361e-10
5,0.0,0.0,-0.0
78,0.5681818181818181,0.4,-1.0243710261520503e-08
1714,0.0,0.0,-0.0
400,0.6,1.0,-1.386840773867391e-07
80,0.0,0.0,-0.0
4858,0.0,0.0,-0.0
455,0.0,0.0,-0.0
440,0.0,0.0,-0.0
531,0.0,0.0,-0.0
2516,-0.375,0.5,2.7260088961330907e-07
308,0.5,0.9,-8.009005469084184e-08
215,0.5,0.9,-5.5907018696529206e-08
0,-0.1875,0.5,0.0
5,0.75,0.8,-1.7335509673342393e-09
504,0.0,0.0,-0.0
6283,0.0,0.25,-0.0
120,0.0,1.0,-0.0
59,0.0,0.0,-0.0
29,0.0,0.1,-0.0
487,0.0,0.47500000000000003,-0.0
23,0.35,0.7,-3.2561865669761452e-09
8391,0.25,0.25,-8.101858107988807e-08
1204,0.09999999999999999,0.33888888888888885,-6.303397734431123e-09
126,0.4,0.8,-6.228900849273913e-09
2207,-0.15555555555555559,0.2888888888888889,1.532179306125839e-08
256,0.16,0.5399999999999999,-3.4169970373159744e-09
676,0.16,0.5399999999999999,-9.023007801662494e-09
843,-0.15555555555555559,0.2888888888888889,5.852411214608437e-09
147435,-0.15555555555555559,0.2888888888888889,1.023547149971287e-06
2369,-0.15555555555555559,0.2888888888888889,1.644645571459951e-08
80,0.16,0.5399999999999999,-1.067811574161242e-09
3049,0.16,0.5399999999999999,-4.0696968620220334e-08
3706,0.0,0.25,-0.0
397,0.0,0.0,-0.0
318,0.16,0.5399999999999999,-4.244551007290936e-09
3481,0.16,0.5399999999999999,-4.646315112069104e-08
336,0.13333333333333336,0.7,-4.844700660546377e-09
18320,0.0,0.0,-0.0
125,0.0,0.0,-0.0
3451,0.16,0.5399999999999999,-4.6062721780380574e-08
0,0.0,0.4,-0.0
7,0.0,0.0,-0.0
5472,0.2,0.3,-5.0721049772658995e-08
802,0.0,0.0,-0.0
236,0.0,0.0,-0.0
141,0.45,0.8444444444444444,-8.2773935392881e-09
34,0.0,0.0,-0.0
15,-0.08333333333333333,0.5,9.655414262887389e-11
0,0.2,0.5,-0.0
165,0.16,0.5399999999999999,-2.2023613717075613e-09
570,0.45,0.8444444444444444,-3.3461803669462534e-08
57,0.0,0.6666666666666666,-0.0
1355,0.0,0.0,-0.0
24,0.16,0.5399999999999999,-3.2034347224837255e-10
6446,0.16,0.5399999999999999,-8.603891758804206e-08
81,0.5,0.5,-3.128354221175514e-09
1501,0.0,0.6666666666666666,-0.0
1018,-0.1,0.8,1.2581391001112784e-08
419,0.5,0.2125,-6.877551579454686e-09
1787,0.0,0.0,-0.0
4733,0.0,0.0,-0.0
313,0.0,0.0,-0.0
68,0.45,0.8444444444444444,-3.991934472848162e-09
296,0.16,0.5399999999999999,-3.950902824396595e-09
186,0.0,0.25,-0.0
13,0.17857142857142858,0.3452380952380952,-1.2381262507171922e-10
11,0.16,0.5399999999999999,-1.4682409144717077e-10
7725,0.8,0.4,-3.8189094492572207e-07
13,0.3,0.95,-5.723729575039643e-10
13,-0.185,0.585,2.173510993890054e-10
519,0.11666666666666668,0.4666666666666666,-4.365277157679807e-09
7,0.16,0.5399999999999999,-9.343351273910867e-11
7,0.16,0.5399999999999999,-9.343351273910867e-11
8411,0.0,0.0,-0.0
111259,0.0,0.0,-0.0
23,0.3037878787878788,0.6681818181818181,-7.212466779477534e-10
132611,0.4,0.8,-6.55572040097669e-06
11,-0.23402777777777778,0.4881944444444445,1.941528729381486e-10
126,-0.125,0.15833333333333333,3.8525102908920676e-10
7868,0.06666666666666667,0.4000000000000001,-3.2413354419369805e-08
25,0.0,1.0,-0.0
957,0.0,0.0,-0.0
132611,0.4,0.8,-6.55572040097669e-06
585,-0.125,0.15833333333333333,1.7886654921998887e-09
1787,0.13636363636363635,0.45454545454545453,-1.711162838457497e-08
7868,0.5,0.5,-3.038751976815919e-07
206,1.0,1.0,-3.1824245410476834e-08
322,0.0,0.0,-0.0
23233,0.16,0.5399999999999999,-3.101058287811016e-07
978,0.16,0.5399999999999999,-1.3053996494121182e-08
21396,0.0,0.3,-0.0
119,0.0,0.25,-0.0
41,0.3,0.95,-1.805176250589426e-09
41,-0.185,0.585,6.854919288422478e-10
110,0.45,0.8444444444444444,-6.457541059019086e-09
601,0.0,0.0,-0.0
17,0.0,0.0,-0.0
1929,0.0,0.25,-0.0
10302,0.0,0.0,-0.0
3078,0.0,0.25,-0.0
0,0.0,0.0,-0.0
957,0.0,0.0,-0.0
3713,0.0,0.25,-0.0
1198,0.0,0.25,-0.0
803404,0.0,0.25,-0.0
113,0.0,0.0,-0.0
137,0.0,0.0,-0.0
8104,0.4000000000000001,0.8000000000000002,-4.0062708319456984e-07
1787,0.0,0.0,-0.0
174,0.21666666666666667,0.5833333333333334,-3.3974184319679767e-09
313,0.45,0.8444444444444444,-1.8374639558845215e-08
26,0.0,0.0,-0.0
14,0.0,0.5,-0.0
852,0.45,0.8444444444444444,-5.0016590748038736e-08
1791,0.0,0.0,-0.0
4893,0.0,0.25,-0.0
19895,0.0,0.25,-0.0
1242,0.21666666666666667,0.5833333333333334,-2.425053846266797e-08
337,0.16,0.5399999999999999,-4.498156256154231e-09
1294,0.0,0.0,-0.0
22,0.8,0.75,-8.89774274193674e-10
742,0.0,0.0,-0.0
77,0.5,0.75,-1.9463812247986618e-09
231,0.0,0.0,-0.0
236,0.0,0.0,-0.0
3310,0.0,0.0,-0.0
97,0.0,0.0,-0.0
623,-0.4,0.6,1.0078715869502889e-08
1758,0.17857142857142858,0.3357142857142857,-7.104059328572058e-09
30109,0.5,0.5,-5.073904095018434e-07
530,-0.9375,1.0,3.3492923673483466e-08
370,0.0,0.0,-0.0
5004,0.0,0.0,-0.0
785,0.5681818181818181,0.7272727272727273,-2.1865539858566056e-08
22,0.0,0.0,-0.0
22,0.0,0.0,-0.0
3,0.0,0.06666666666666667,-0.0
840,0.0,0.0,-0.0
3318,0.0,0.0,-0.0
301,0.0,0.0,-0.0
3318,0.0,0.0,-0.0
157,0.0,0.0,-0.0
311,0.0,0.7,-0.0
117,0.25,0.3333333333333333,-6.572196343476e-10
110907,0.0,0.0,-0.0
21897,0.0,0.0,-0.0
12,0.8,0.7,-4.529759941349613e-10
663,0.0,0.0,-0.0
62,0.0,0.06666666666666667,-0.0
887,0.0,0.0,-0.0
1799,0.0,0.0,-0.0
430,0.4375,0.65,-8.242629580776151e-09
609,0.0,0.0,-0.0
319,-0.8,0.8,1.3761842107528826e-08
35,0.0,0.0,-0.0
25,0.0,0.0,-0.0
2,0.0,0.0,-0.0
130,0.0,0.0,-0.0
2953,0.0,0.0,-0.0
148,0.0,0.0,-0.0
795,0.25,0.75,-1.004787710204504e-08
982,0.0,0.0,-0.0
7852,0.25,0.3333333333333333,-4.4106739905105604e-08
1401,0.2,0.35,-6.61061841440709e-09
293,0.0,0.0,-0.0
413,0.1,1.0,-2.7839149639544498e-09
1558,0.0,0.0,-0.0
81,0.2857142857142857,0.5357142857142857,-8.35710995010292e-10
9,0.0,0.0,-0.0
83315,0.0,0.0,-0.0
780,0.0,0.0,-0.0
1592654,0.0,0.0,-0.0
29,0.2,0.35,-1.3683649822826953e-10
4157,0.0,0.0,-0.0
36,-0.5,0.7,8.493299890030524e-10
98518,0.5681818181818181,0.7272727272727273,-2.744139179345491e-06
67,0.0,0.0,-0.0
13767,0.0,0.0,-0.0
265,0.0,0.0,-0.0
154756,0.5681818181818181,0.7272727272727273,-4.310603167327704e-06
5187,0.2,0.2,-1.3985633818916933e-08
3738,-0.1,0.15,3.779518451063583e-09
540,0.0,0.7,-0.0
9,0.0,0.0,-0.0
503559,0.5681818181818181,0.7272727272727273,-1.4026228516738422e-05
3,-1.0,1.0,2.0222142595310774e-10
5187,0.0,0.0,-0.0
37,0.2681818181818182,0.42727272727272725,-2.8578678408009373e-10
254,0.0,0.0,-0.0
0,0.0,0.0,-0.0
5187,0.0,0.0,-0.0
231,0.0,0.0,-0.0
231,0.0,0.0,-0.0
148,0.0,0.125,-0.0
84,0.0,0.0,-0.0
1026,0.0,0.0,-0.0
14931,0.0,0.0,-0.0
8481,0.5681818181818181,0.7272727272727273,-2.3623139304522125e-07
65,0.0,0.0,-0.0
84,0.0,0.0,-0.0
141,0.0,0.0,-0.0
846,0.0,0.0,-0.0
773,-0.26,0.55,7.451118067810192e-09
773,0.0,0.5,-0.0
130,0.0,0.0,-0.0
18,0.0,0.0,-0.0
773,0.0,0.0,-0.0
4,-0.2699999999999999,0.6033333333333333,4.392249371701498e-11
258,-0.35,0.55,3.3477757066536986e-09
5526,0.2375,0.5875,-5.1974255762316025e-08
1140,0.0,0.0,-0.0
0,0.0,0.0,-0.0
3,0.0,0.0,-0.0
361,0.0,0.0,-0.0
516,0.3333333333333333,0.5,-5.797014210655755e-09
516,0.09999999999999999,0.5,-1.7391042631967262e-09
9036,0.0,0.0,-0.0
191,0.0,0.0,-0.0
255,0.13636363636363635,0.45454545454545453,-1.0654228020256707e-09
380,0.0,0.0,-0.0
162,0.6,1.0,-5.862098795545667e-09
1427,-0.3,0.4,1.0327425902769959e-08
947,0.6,1.0,-3.4267947897418185e-08
554,0.0,0.0,-0.0
2166,0.0,0.0,-0.0
1628,0.6,1.0,-5.891047431573053e-08
1902,0.6,1.0,-6.882538215511024e-08
466,0.0,0.35714285714285715,-0.0
66,0.0,0.0,-0.0
258,0.6,1.0,-9.335935118831987e-09
657,0.41818181818181815,0.5272727272727273,-8.73680601328173e-09
112,0.6,1.0,-4.052809043834041e-09
209,0.0,0.0,-0.0
82,0.6,1.0,-2.967235192807066e-09
224,0.0,0.0,-0.0
836,0.0,0.0,-0.0
144,0.0,0.0,-0.0
150,0.0,0.0,-0.0
37067,0.0,0.0,-0.0
401,0.6,1.0,-1.4510503808727238e-08
424,0.6,1.0,-1.5342777094514585e-08
572,0.0,0.0,-0.0
324,0.5,0.9,-8.7931481933185e-09
7442,0.0,0.0,-0.0
22908,0.6,1.0,-8.289441926441984e-07
1240,0.6,1.0,-4.487038584244831e-08
350,0.8,0.75,-1.266502826198138e-08
5,0.0,0.0,-0.0
1097,0.0,0.0,-0.0
1824,0.0,0.0,-0.0
15275,0.0,0.0,-0.0
112,0.03409090909090909,0.125,-2.8784155140866772e-11
745,0.35,0.55,-8.649158883911449e-09
150,-0.3,0.4,1.0855738510269753e-09
508,0.0,0.0,-0.0
183,0.0,0.0,-0.0
350,0.0,0.0,-0.0
182,0.41818181818181815,0.5272727272727273,-2.420241544014117e-09
0,0.0,0.0,-0.0
5740,-0.09333333333333331,0.6599999999999999,2.1324530252306772e-08
210,0.0,0.0,-0.0
277,0.0,0.0,-0.0
525,0.0,0.0,-0.0
389,0.0,0.0,-0.0
163,0.6,1.0,-5.898284590579899e-09
590,0.0,0.0,-0.0
3691,0.5,0.9,-1.0017132710351415e-07
801,0.0,0.0,-0.0
1001,-0.4,0.4,9.659194887804466e-09
218,0.6,1.0,-7.888503317462689e-09
147,0.6,1.0,-5.319311870032179e-09
81,0.6,1.0,-2.9310493977728335e-09
134,0.45,0.7,-2.545670680658257e-09
3249,0.6,1.0,-1.1756764806622141e-07
273,0.5,0.9,-7.409041533259107e-09
81,0.5,0.9,-2.198287048329625e-09
183,0.0,0.0,-0.0
3157,-0.8,0.8,1.218544585846102e-07
357,0.0,0.0,-0.0
5,-0.2722222222222222,0.611111111111111,5.0164978198177265e-11
975,-0.4,0.4,9.408306708900454e-09
1484,0.6,1.0,-5.369971983080105e-08
317,0.0,0.0,-0.0
278,0.5,0.9,-7.54473826463748e-09
80,0.6,1.0,-2.8948636027386006e-09
1255,0.0,0.0,-0.0
24,0.0,0.0,-0.0
205,0.6,1.0,-7.418087982017666e-09
15,0.6,1.0,-5.427869255134877e-10
206,0.5,0.9,-5.590705332788923e-09
819,0.6,1.0,-2.9636166133036426e-08
400965,0.0,0.0,-0.0
500,0.6,1.0,-1.8092897517116254e-08
4,0.0,0.0,-0.0
325,0.5,0.5,-4.900159744218986e-09
326,0.0,0.0,-0.0
406,0.0,0.0,-0.0
58,0.35,0.65,-7.957859424611633e-10
369,0.6,1.0,-1.3352558367631796e-08
765,0.0,0.0,-0.0
2970,0.0,0.0,-0.0
28,0.6,1.0,-1.0132022609585103e-09
435,0.0,0.0,-0.0
378,0.6,1.0,-1.367823052293989e-08
25460,0.0,0.0,-0.0
338,0.6,1.0,-1.2230798721570587e-08
790,0.6,1.0,-2.858677807704368e-08
148,0.0,0.0,-0.0
17,0.6,1.0,-6.151585155819527e-10
149,0.6,1.0,-5.391683460100644e-09
1028,0.0,0.0,-0.0
1518,0.6,1.0,-5.493003686196495e-08
2,0.0,0.0,-0.0
344,0.0,0.0,-0.0
1,0.0,0.0,-0.0
8,0.5,0.6333333333333333,-1.5278446792231503e-10
277,0.0,0.0,-0.0
923,0.5,0.9,-2.5049616612447456e-08
241,0.6,1.0,-8.720776603250035e-09
154,0.0,0.0,-0.0
76,0.0,0.0,-0.0
14,0.12857142857142856,0.3357142857142857,-3.5760402007502063e-11
41,0.0,0.0,-0.0
752,0.0,0.0,-0.0
14329,0.325,0.6124999999999999,-1.6879726350692608e-07
704,0.0,0.0,-0.0
67,0.0,0.0,-0.0
192,0.0,0.0,-0.0
37,0.05833333333333333,0.3833333333333333,-4.8961551198805766e-11
112,0.0,0.0,-0.0
167,0.0,0.0,-0.0
32,0.0,0.0,-0.0
5254,0.5,0.5,-7.773026389077489e-08
4125,0.4583333333333333,0.85,-9.510084746343495e-08
995,0.0,0.0,-0.0
112,0.0,0.0,-0.0
1391,0.0,0.0,-0.0
276,-0.1,0.4,6.533247912859954e-10
946,0.24999999999999997,0.625,-8.747243723909525e-09
157,0.0,0.0,-0.0
0,0.0,0.0,-0.0
108,0.0,0.0,-0.0
1022,0.0,0.0,-0.0
2536,0.0,0.0,-0.0
706,0.0,0.0,-0.0
1727,0.0,0.0,-0.0
1407,0.2,0.4,-6.661072328546344e-09
668,0.0,0.0,-0.0
24,-0.08333333333333333,0.21666666666666667,2.5643787097578313e-11
75,0.0,0.0,-0.0
75,0.0,0.0,-0.0
75,0.0,0.0,-0.0
251,0.0,0.0,-0.0
75,0.0,0.0,-0.0
75,0.0,0.0,-0.0
75,0.0,0.0,-0.0
75,0.0,0.0,-0.0
75,0.0,0.0,-0.0
428,0.0,0.0,-0.0
75,0.0,0.0,-0.0
75,0.0,0.0,-0.0
75,0.0,0.0,-0.0
1632,0.0,0.0,-0.0
75,0.0,0.0,-0.0
75,0.0,0.0,-0.0
302,0.05,0.35,-3.1275557264008013e-10
124,0.25,1.0,-1.8345170769806026e-09
22,0.0,0.25,-0.0
1749,0.0,0.0,-0.0
283,0.0,0.0,-0.0
222,0.0,0.0,-0.0
1872,0.0125,0.025,-3.461911258173073e-11
110,0.0,0.0,-0.0
351,0.0,0.0,-0.0
58,0.0,0.0,-0.0
25,0.0,0.0,-0.0
97,0.0,0.0,-0.0
349,0.0,0.0,-0.0
26,0.0,0.1,-0.0
4,0.0,0.0,-0.0
18591,0.21428571428571427,0.6428571428571429,-1.5155508367510738e-07
311,0.0,0.0,-0.0
1,0.0,0.1,-0.0
213,0.0,0.0,-0.0
60,0.0,0.0,-0.0
92,0.0,0.0,-0.0
35,0.05,0.35,-3.624650676292319e-11
1496,-0.5,1.0,4.426512172843518e-08
115,0.0,0.0,-0.0
110,0.0,0.0,-0.0
1814,0.0,0.0,-0.0
7766,0.0,0.0,-0.0
616,0.0,0.0,-0.0
2305,0.0,0.0,-0.0
2832,0.2375,0.6375,-2.537447801807855e-08
558,0.0,0.0,-0.0
180,-0.8,0.8,6.817302169940822e-09
9085,0.0,0.0,-0.0
2366,0.0,0.5,-0.0
277,0.0,0.0,-0.0
63,0.0,1.0,-0.0
361,0.0,0.0,-0.0
69,0.0,0.0,-0.0
22,0.0,0.0,-0.0
2244,0.0,0.0,-0.0
1661,0.0,0.0,-0.0
180,0.0,0.0,-0.0
1455,0.0,0.0,-0.0
386,0.0,0.0,-0.0
7,0.8,0.4,-1.3255865330440487e-10
116,0.0,0.9,-0.0
3,0.0,0.0,-0.0
240,0.0,0.0,-0.0
44,0.0,0.0,-0.0
63,0.21428571428571427,0.6428571428571429,-5.135802415971042e-10
28,0.0,0.0,-0.0
166,0.0,0.0,-0.0
373,0.0,0.0,-0.0
70,0.0,0.0,-0.0
164,0.13636363636363635,0.5,-5.841500036571864e-10
14,0.13636363636363635,0.5,-4.9866463726833e-11
2331,0.0,0.0,-0.0
5,0.75,0.8,-1.567231717129037e-10
2,0.11249999999999999,0.45,-5.2894070453104995e-12
556,0.0,0.0,-0.0
958,0.13636363636363635,0.45454545454545453,-3.102082613656234e-09
579,0.0,0.0,-0.0
926,0.0,0.0,-0.0
980,0.0,0.0,-0.0
305,0.0,0.0,-0.0
95756,0.0,0.0,-0.0
10796,0.0,0.0,-0.0
578,0.0,0.0,-0.0
247,0.625,0.5,-4.032356605529918e-09
81,-0.06666666666666667,0.35000000000000003,9.873559817912933e-11
79,-0.06666666666666667,0.35000000000000003,9.629768217470639e-11
188,0.1,0.2,-1.9642637521350601e-10
307,0.0,0.0,-0.0
855,0.13636363636363635,0.45454545454545453,-2.768560161457286e-09
99,0.0,0.0,-0.0
981,0.13636363636363635,0.45454545454545453,-3.176558501040465e-09
8,0.0,0.0,-0.0
328,0.0066666666666666706,0.16666666666666666,-1.9038963082160165e-11
26970,-0.06666666666666667,0.35000000000000003,3.287529731964343e-08
141657,0.0,0.0,-0.0
1872,0.0125,0.025,-3.0561018484016226e-11
593,0.75,0.8,-1.8587368165150382e-08
632,0.0,0.0,-0.0
612,0.625,0.5,-9.991102196697612e-09
6,0.0,0.0,-0.0
12878,0.0,0.0,-0.0
3,0.0,0.0,-0.0
8371,-0.625,1.0,2.733186813351494e-07
248,0.0,0.0,-0.0
8035,0.15625,0.6875,-4.509107269480792e-08
621,0.0,0.0,-0.0
711,-0.15625,1.0,5.803654952493464e-09
265,0.75,0.8,-8.306328100783898e-09
18,0.0,0.0,-0.0
1200,0.0,0.0,-0.0
18,-0.06666666666666667,0.35000000000000003,2.1941244039806517e-11
3890,0.0,0.0,-0.0
537,0.25,0.2833333333333333,-1.987119214676525e-09
13,0.0,0.0,-0.0
243,-0.06666666666666667,0.35000000000000003,2.9620679453738797e-10
274,0.13636363636363635,0.45454545454545453,-8.872344844904051e-10
324,0.0,0.0,-0.0
1,0.3121212121212121,0.3181818181818182,-5.188127034205856e-12
361,-0.06666666666666667,0.35000000000000003,4.4004383879834186e-10
249,0.5708333333333333,0.8166666666666667,-6.064087506376664e-09
352,0.0,0.0,-0.0
62,0.1,0.15000000000000002,-4.858418323100016e-11
176,0.13636363636363635,0.45454545454545453,-5.69902442592377e-10
58,0.30714285714285716,0.5892857142857143,-5.484111597923216e-10
327,-0.05,0.4,3.416565143341301e-10
161,-0.06666666666666667,0.35000000000000003,1.9625223835604718e-10
1851,-0.06666666666666667,0.35000000000000003,2.256291262093437e-09
373578,0.0,0.0,-0.0
1049,0.0,0.0,-0.0
62,-0.8,0.9,2.3320407950880075e-09
1248,0.0,0.0,-0.0
234,0.13636363636363635,0.45454545454545453,-7.577112020830467e-10
2791,0.0,0.0,-0.0
1418,0.0,0.0,-0.0
33,-0.16666666666666666,0.43333333333333335,1.2450785308302904e-10
506,0.0,0.4,-0.0
360,0.0,0.0,-0.0
6,0.0,0.0,-0.0
3675,0.5,0.4,-3.839717706966141e-08
954,0.13636363636363635,0.5,-3.3980433139570476e-09
1231,0.0,0.0,-0.0
31,-0.06666666666666667,0.35000000000000003,3.778769806855567e-11
194,0.30714285714285716,0.5892857142857143,-1.8343407758570753e-09
386,0.1787878787878788,0.28484848484848485,-1.0269546072342483e-09
199,0.0,0.0,-0.0
834,-0.30000000000000004,0.225,2.940910317192639e-09
339,-0.08333333333333333,0.11666666666666667,1.7217781781237058e-10
18,0.0,0.0,-0.0
175,0.2,0.30000000000000004,-5.48531100995163e-10
1059,0.13636363636363635,0.45454545454545453,-3.429128901734814e-09
575,0.13636363636363635,0.5,-2.048086903066355e-09
46,0.0,0.0,-0.0
445,0.5,0.9,-1.0461271711836322e-08
4,0.26666666666666666,0.6888888888888888,-3.8387502799802584e-11
4351,0.17045454545454544,0.45454545454545453,-1.7611118804825513e-08
128,0.6,0.95,-3.811507536057818e-09
247,0.0,0.0,-0.0
315,0.0,0.0,-0.0
0,0.4125,0.44999999999999996,-0.0
4351,0.17045454545454544,0.45454545454545453,-1.7611118804825513e-08
43,0.0,0.0,-0.0
