341,0.0,0.0,-0.0
9,0.0,0.0,-0.0
85,0.0,0.0,-0.0
0,0.0,0.0,-0.0
234,1.0,0.4,-1.7227870181117822e-05
227,0.0,0.0,-0.0
0,0.0,0.0,-0.0
29,-0.1,0.6,3.202616892643697e-07
168,0.0,0.0,-0.0
204,0.0,0.0,-0.0
95,0.0,0.0,-0.0
163,0.06944444444444443,0.6472222222222223,-1.3484482200505864e-06
1,0.0,0.0,-0.0
121,0.48828125,0.6,-6.524727976998374e-06
140,0.0,0.0,-0.0
1142,0.0,0.0,-0.0
583,0.0,0.3,-0.0
218,0.0,0.0,-0.0
2,0.0,0.0,-0.0
17048,0.48828125,0.6,-0.000919285640924531
81,0.0,0.0,-0.0
1420,0.0,0.0,-0.0
104,0.0,0.0,-0.0
59,0.5,0.5,-2.7148620210629043e-06
317,0.0,0.0,-0.0
125,0.0,0.0,-0.0
84,0.0,1.0,-0.0
153,0.0,0.0,-0.0
13,0.0,0.0,-0.0
978,0.4,0.4,-2.8801465020740563e-05
340,0.0,0.0,-0.0
3017,0.0,0.06666666666666667,-0.0
82,0.42500000000000004,0.6166666666666667,-3.955569302892161e-06
1482,0.0,0.125,-0.0
6,0.0,0.0,-0.0
309,0.2916666666666667,0.4583333333333333,-7.602955751783155e-06
1889,0.0,0.1,-0.0
4014,0.0,0.0,-0.0
74,-0.0625,0.4875,4.149942686857808e-07
11,0.0,0.0,-0.0
120,0.0,0.0,-0.0
317,0.0,0.0,-0.0
87,0.0,0.0,-0.0
417,0.0,0.0,-0.0
70,0.27499999999999997,0.5,-1.7715625052698608e-06
298,0.175,0.325,-3.1195605206433826e-06
101,-0.2,0.1,3.717980530540385e-07
114,0.2,0.2,-8.39306496003176e-07
777,0.0,0.0,-0.0
30,0.7,0.6000000000000001,-2.3191363705350914e-06
255,-0.1,0.6,2.8160941642211824e-06
69,0.0,0.0,-0.0
31,0.0,0.0,-0.0
85,0.0,0.0,-0.0
362,0.0,0.0,-0.0
701,0.19999999999999998,0.3333333333333333,-8.601664527751844e-06
174,0.21666666666666665,0.36666666666666664,-2.5443011980447147e-06
13188,0.5,0.6,-0.0007282088203480185
405,0.0,0.0,-0.0
250,0.25,0.3333333333333333,-3.834550877207492e-06
74,0.25,0.3333333333333333,-1.1350270596534175e-06
1556,0.0,0.0,-0.0
630,0.27499999999999997,0.5,-1.5944062547428752e-05
30,0.2,0.2,-2.208701305271516e-07
15,-0.1,0.4,1.104350652635758e-07
444,0.0,0.0,-0.0
27,0.0,0.0,-0.0
5,0.0,0.0,-0.0
50,0.0,0.0,-0.0
18824,0.375,0.5,-0.0006496342714129846
0,0.0,0.0,-0.0
40,0.0,0.0,-0.0
11737,0.0,0.0,-0.0
1,0.3121212121212121,0.3181818181818182,-1.827908219812629e-08
39,0.11666666666666665,0.3333333333333333,-2.7915530386070536e-07
1484,0.0,0.0,-0.0
530,-0.15,0.23333333333333334,3.4142841010655505e-06
105,0.0,0.0,-0.0
3134,-0.25,0.3333333333333333,4.806992979667311e-05
149,0.25,0.3333333333333333,-2.285392322815665e-06
137,0.0,0.0,-0.0
47,0.0,0.0,-0.0
1,0.0,0.0,-0.0
305,0.0,0.0,-0.0
1483,-0.012499999999999997,0.3375,1.1515443875569888e-06
2374,0.25,0.3333333333333333,-3.641289512996234e-05
392,-0.15,0.23333333333333334,2.5252818256937655e-06
10,0.0,0.0,-0.0
729,0.0,0.5,-0.0
487,0.0,0.0,-0.0
472,0.0,0.0,-0.0
1,-0.0625,0.4375,5.032848026334833e-09
61,0.21428571428571427,0.5714285714285714,-1.3748038736894123e-06
63,-0.6,0.8,5.565927289284219e-06
939,0.0,0.0,-0.0
27,0.0,0.0,-0.0
3,0.0,0.0,-0.0
11737,0.0,0.0,-0.0
230,0.0,0.0,-0.0
222,-0.6,0.9,2.206492603966244e-05
10,0.0,0.0,-0.0
308,0.1,0.6875,-2.0136133171478746e-06
194,-0.012500000000000002,0.6791666666666667,1.5661767098300394e-07
856,0.0,0.0,-0.0
795,0.0,0.0,-0.0
255,-0.1,0.6,1.4549366589073186e-06
10,0.06818181818181818,0.2772727272727273,-1.797746236293681e-08
250,0.25,0.3333333333333333,-1.981122901562253e-06
74,0.25,0.3333333333333333,-5.864123788624269e-07
845,0.0,0.3,-0.0
18824,0.375,0.5,-0.0003356339174910707
149,0.25,0.3333333333333333,-1.1807492493311029e-06
297,-0.3125,0.6875,6.067807986941139e-06
1568,0.0,0.0,-0.0
14,-0.16875,0.3875,8.705549310189933e-08
10,-0.012500000000000002,0.6791666666666667,8.073075823866184e-09
30,0.0,0.0,-0.0
68,0.625,0.6,-2.424894431512198e-06
605,0.0,0.0,-0.0
249,-0.016666666666666666,0.6833333333333332,2.696704493606539e-07
11,0.0,0.0,-0.0
336,0.13333333333333336,0.7,-2.9821446812636297e-06
8,0.375,0.5,-1.4264084891248225e-07
11,0.4,0.9,-3.765718411289532e-07
217,0.1875,0.375,-1.4509248850316554e-06
294,0.3,0.1,-8.387281916053955e-07
481,0.0,0.65,-0.0
18320,0.0,0.0,-0.0
477,0.0,0.0,-0.0
0,0.0,0.0,-0.0
493,0.1875,0.375,-3.2963408678368946e-06
485,0.0,1.0,-0.0
499,0.0,0.0,-0.0
4,-0.03181818181818183,0.2772727272727273,3.355792974414873e-09
37,0.0,0.0,-0.0
55,0.0,1.0,-0.0
409,-0.05,0.3333333333333333,6.482234133911692e-07
30,0.17500000000000002,0.7,-3.4947007983558147e-07
10,0.225,0.65,-1.3907482768967021e-07
525,0.0,0.0,-0.0
2246,0.3,0.1,-6.407426933148702e-06
2272,0.0,0.0,-0.0
5211,0.5,0.5,-0.00012388357728049083
171,0.0,0.0,-0.0
15,-0.08333333333333333,0.5,5.94336870468676e-08
0,0.2,0.5,-0.0
36,0.4,0.6,-8.216112897358978e-07
82,0.0,0.125,-0.0
369,0.25,0.3333333333333333,-2.9241374027058855e-06
36,-0.15555555555555559,0.2888888888888889,1.5384079704931422e-07
41,0.1875,0.375,-2.741378815036768e-07
276,-0.375,0.4083333333333333,4.018905918109187e-06
10,0.1875,0.375,-6.686289792772606e-08
23,-0.25,0.65,3.5541344854026826e-07
230,0.0,0.0,-0.0
250,0.0,0.0,-0.0
1003,0.16666666666666669,0.3333333333333333,-5.298843387378508e-06
6,-0.25,0.7,9.984859423873757e-08
273,0.0,0.0,-0.0
1018,-0.1,0.8,7.744447156955038e-06
539,0.0,0.3,-0.0
169,0.375,0.5,-3.013287933276187e-06
2246,-0.15555555555555559,0.2888888888888889,9.59795639368777e-06
419,0.5,0.2125,-4.233461528348379e-06
127,0.15625,0.6944444444444444,-1.3104302525958657e-06
119,0.375,0.5,-2.1217826275731736e-06
481,0.0,0.3,-0.0
127,0.07500000000000001,0.925,-8.378366862996928e-07
98,0.0,0.0,-0.0
481,0.0,0.0,-0.0
62,0.25,0.275,-4.0533774565963705e-07
481,0.0,0.0,-0.0
2246,0.0,0.0,-0.0
314,0.0,0.0,-0.0
415,0.25,0.3333333333333333,-3.2886640165933405e-06
11895,0.0,0.0,-0.0
181,0.2,0.6000000000000001,-2.065439492252743e-06
23,0.2,0.2,-8.748638733298913e-08
2242,0.0,0.0,-0.0
1634,-0.6,0.8,7.458404707935871e-05
430,0.5,0.5,-1.0222594172061228e-05
345,0.47212121212121205,0.6324242424242424,-9.795661597349564e-06
2333,0.375,0.5,-4.1597637564102636e-05
30,0.25,0.25,-1.783010611406028e-07
477,-0.5,0.3,6.803968493125403e-06
481,0.0,0.0,-0.0
1189,0.0,0.0,-0.0
5954,0.0,0.0,-0.0
121,0.2,0.65,-1.495827035595564e-06
2413,0.0,0.0,-0.0
273,0.2,0.55,-2.8556697952278945e-06
1693,0.07477272727272727,0.2875757575757576,-3.461824983962299e-06
276,0.0,0.0,-0.0
1189,0.0,0.0,-0.0
171,-0.0625,0.6875,6.987172833447372e-07
14,0.16666666666666666,0.5119047619047619,-1.1358437968956917e-07
2,0.0,0.0,-0.0
583,-0.1,0.6,3.3263845966390856e-06
171,0.0,0.0,-0.0
481,0.6392857142857142,0.7785714285714286,-2.2766233930377943e-05
161,0.0,0.0,-0.0
309,0.2333333333333333,0.4666666666666666,-2.4957835827020796e-06
2300,0.0,0.5,-0.0
9,0.0,0.0,-0.0
1738,0.0,0.5,-0.0
85,0.0,0.0,-0.0
0,0.0,0.0,-0.0
227,0.0,0.0,-0.0
29,-0.1,0.6,1.290666762602027e-07
195,0.0,0.0,-0.0
1142,0.0,0.0,-0.0
992,0.0,0.5,-0.0
218,0.0,0.0,-0.0
2,0.0,0.0,-0.0
1272,0.0,0.5,-0.0
125,0.0,0.0,-0.0
8692,0.0,0.5,-0.0
131,0.0,0.0,-0.0
89,-0.3333333333333333,0.6666666666666666,1.4670414032130318e-06
3280,0.0,0.5,-0.0
13,0.0,0.0,-0.0
77,0.0,0.0,-0.0
417,0.0,0.0,-0.0
44,-0.25000000000000006,0.6833333333333333,5.575581512773123e-07
114,0.2,0.2,-3.3824370330260017e-07
777,0.0,0.0,-0.0
576,-0.1,0.6,2.5635312250302325e-06
114,-0.6,0.7,3.5515588846773015e-06
141,0.10000000000000002,0.7333333333333334,-7.669824324887907e-07
255,-0.1,0.6,1.1348966360810924e-06
69,0.0,0.0,-0.0
31,0.0,0.0,-0.0
362,0.0,0.0,-0.0
250,0.25,0.3333333333333333,-1.5453385567553003e-06
74,0.25,0.3333333333333333,-4.574202127995689e-07
30,0.2,0.2,-8.90115008691053e-08
27,0.0,0.0,-0.0
5,0.0,0.0,-0.0
169,0.0,0.5,-0.0
0,0.0,0.0,-0.0
40,0.0,0.0,-0.0
530,-0.15,0.23333333333333334,1.3759694509349191e-06
105,0.0,0.0,-0.0
307,0.0,0.5,-0.0
149,0.25,0.3333333333333333,-9.210217798261588e-07
122,0.0,0.5,-0.0
193,0.0,0.0,-0.0
2374,0.25,0.3333333333333333,-1.467453493494833e-05
392,-0.15,0.23333333333333334,1.0176981599367704e-06
487,0.0,0.0,-0.0
3,0.0,0.0,-0.0
51,0.0,0.5,-0.0
46,-0.35,0.9,1.0748138729944463e-06
210,0.0,0.0,-0.0
394,0.0,0.0,-0.0
2,0.0,0.0,-0.0
36,0.0,0.0,-0.0
224,0.0,0.0,-0.0
2586,0.0,0.5,-0.0
142,0.0,0.0,-0.0
10,0.0,0.0,-0.0
308,0.0,0.0,-0.0
48,0.0,0.0,-0.0
16,0.0,0.0,-0.0
223,-0.1,0.6,9.92478234690524e-07
648,0.0,0.0,-0.0
209,0.0,0.0,-0.0
38,0.0,0.0,-0.0
110,0.0,0.0,-0.0
108,0.0,0.55,-0.0
209,0.0,0.0,-0.0
218,0.0,0.0,-0.0
273,0.0,0.0,-0.0
260,0.0,0.0,-0.0
91,-0.3,0.35,7.087540756702509e-07
402,0.0,0.0,-0.0
34,0.0,0.0,-0.0
79,0.2,0.2,-2.3439695228864402e-07
16,0.0,0.0625,-0.0
545,0.0,0.0,-0.0
851,0.0,0.0,-0.0
1604,0.0,0.5,-0.0
4776,0.25,1.0,-8.856644336475976e-05
230,-0.2,0.675,2.3031725849880994e-06
250,0.0,0.0,-0.0
326,0.2,0.2,-9.672583094442778e-07
188,0.0,0.5,-0.0
37,0.0,0.0,-0.0
98,0.0,0.125,-0.0
364,0.0,0.0,-0.0
3229,0.0,0.5,-0.0
1006,-0.4,0.6,1.7909113974863985e-05
10,0.0,0.0,-0.0
78,0.0,0.0,-0.0
1506,0.2,0.2,-4.468377343629086e-06
105,0.0,0.0,-0.0
995,0.0,0.5,-0.0
481,0.0,0.5,-0.0
61,0.0,0.0,-0.0
8056,0.0,0.5,-0.0
95,0.0,0.0,-0.0
624,0.29464285714285715,0.4214285714285715,-2.222867374413803e-06
2310,0.13333333333333333,0.39999999999999997,-3.534433188695624e-06
58,0.0,1.0,-0.0
51,-0.06666666666666665,0.6,5.852470539723273e-08
564,0.0,0.4285714285714286,-0.0
344,0.0,0.0,-0.0
448,0.4,0.5,-2.5704968645059085e-06
2217,0.4,0.5,-1.2720516849574998e-05
6289,0.13636363636363635,0.45454545454545453,-1.1183211966553131e-05
3204,0.0,0.0,-0.0
1212,0.69,0.69,-1.6554263742363958e-05
3663,0.3181818181818182,0.4772727272727273,-1.5958349230726046e-05
478,0.0,0.0,-0.0
109,0.5,1.0,-1.5635276687005807e-06
4,-0.6,0.7666666666666666,5.278698918181777e-08
33451,0.0,0.0,-0.0
6,0.15,0.5833333333333334,-1.506150506546431e-08
170,0.06666666666666665,0.5083333333333333,-1.6527810320514795e-07
579,0.05833333333333334,0.4041666666666667,-3.9162005045910745e-07
17,0.8,0.75,-2.9262352698616374e-07
1426,0.0,0.0,-0.0
253,0.0,0.0,-0.0
26826,-0.17857142857142858,0.2857142857142857,3.9265299794571964e-05
3262,-0.3,0.5,1.4037322721012734e-05
798,0.0,0.0,-0.0
6289,0.0,0.0,-0.0
409,0.425,0.5874999999999999,-2.9297406558619914e-06
36,0.16666666666666666,0.5222222222222223,-8.989088737483461e-08
68,0.4375,0.65,-5.547654365779354e-07
1753,0.0,0.0,-0.0
174,0.0,0.0,-0.0
2246,0.0,0.0,-0.0
242,0.0,0.4,-0.0
19,0.5,1.0,-2.725415202322113e-07
120737,0.69,0.69,-0.0016491024269486775
120737,0.5,0.5,-0.0008659433033756973
56,0.13636363636363635,0.45454545454545453,-9.95801987799293e-08
778,0.0,0.0,-0.0
27,0.0,0.0,-0.0
935,0.13636363636363635,0.45454545454545453,-1.6626336760577483e-06
1403,0.0,0.0,-0.0
174,0.0,0.0,-0.0
47,-0.1875,0.5,1.2640906037086116e-07
2643,-0.05,0.4,1.516478395734178e-06
194,0.0,0.0,-0.0
1481,0.25,0.5625,-5.974845268380172e-06
485,0.0,0.0,-0.0
11158,0.0,0.0,-0.0
306,0.0,0.0,-0.0
45,0.0,0.0,-0.0
149,0.0,0.0,-0.0
665,0.0,0.0,-0.0
665,0.0,0.0,-0.0
608,0.0,0.0,-0.0
0,0.0,0.0,-0.0
125,0.0,0.0,-0.0
48,0.13636363636363635,0.45454545454545453,-8.535445609708227e-08
256,0.43333333333333335,0.6666666666666666,-2.1216799516556706e-06
1064,-0.0625,0.6,1.1446743849752876e-06
461,0.0,0.0,-0.0
637,0.14285714285714285,0.26785714285714285,-6.992841637536998e-07
36,0.0,0.0,-0.0
3561,0.0,0.0,-0.0
38408,0.007142857142857145,0.4619047619047619,-3.635424800503548e-06
51,0.24,0.41500000000000004,-1.4572651643910957e-07
525,0.28409090909090906,0.7011363636363636,-3.000047980821112e-06
2836,0.016666666666666663,0.4833333333333333,-6.554065728063737e-07
2559,-0.2,0.3,4.404844738574076e-06
171,0.13,0.37,-2.359664482170486e-07
264,0.0,0.0,-0.0
11,0.0,0.0,-0.0
0,0.8,0.7,-0.0
1105,0.16666666666666666,0.5222222222222223,-2.7591508485886737e-06
487,0.4681818181818182,0.6022727272727273,-3.939542330401813e-06
23,0.13636363636363635,0.45454545454545453,-4.089901021318525e-08
6289,0.0,0.0,-0.0
289,0.13636363636363635,0.45454545454545453,-5.139049544178494e-07
16,0.4,0.8,-1.4688553511462337e-07
475,0.75,0.8,-8.17624560696634e-06
269,0.0,0.0,-0.0
274,0.0,0.0,-0.0
258,0.0,0.0,-0.0
31,0.0,0.0,-0.0
101,0.0,0.0,-0.0
2471,0.08750000000000001,0.2125,-1.3181013401769985e-06
76,0.3181818181818182,0.4772727272727273,-3.31104160943265e-07
78,0.13636363636363635,0.45454545454545453,-1.3870099115775868e-07
1276,0.06666666666666667,0.4666666666666666,-1.1388729163574788e-06
16,0.0,0.0,-0.0
1125,0.08750000000000001,0.2125,-6.001068424520937e-07
6755,0.13636363636363635,0.45454545454545453,-1.2011861477828971e-05
99,0.0,0.0,-0.0
1,0.0,0.0,-0.0
54,0.13636363636363635,0.45454545454545453,-9.602376310921754e-08
573,0.0,0.0,-0.0
109,0.13333333333333333,0.6833333333333332,-2.849094862965502e-07
108,0.007142857142857145,0.4619047619047619,-1.022250256338219e-08
3498,0.08750000000000001,0.2125,-1.8659322087977095e-06
58,0.16666666666666666,0.5222222222222223,-1.4482420743723352e-07
3041,0.16666666666666669,0.4666666666666667,-1.3078564432499146e-06
882,0.0,0.0625,-0.0
155,0.04545454545454545,0.1931818181818182,-7.525985758504231e-09
2681,0.125,0.21666666666666667,-4.0150139125337006e-07
502,0.16666666666666669,0.4666666666666667,-2.1589738063513883e-07
2578147,-0.15,0.25,0.0005345976797521773
1433,-0.1875,0.5,7.428576367880401e-07
8,-0.08333333333333333,0.03333333333333333,1.2287841811903173e-10
11360,0.1,0.3,-1.8844634202734711e-06
17432,0.1708333333333333,0.15,-2.4700128741756395e-06
923,0.0,0.0,-0.0
656,0.0,0.0,-0.0
3690,0.0,0.0,-0.0
2042,0.0,0.0,-0.0
11360,0.05,0.2,-6.281544734244903e-07
1142,0.5,0.5,-1.5786804767842603e-06
3660,0.0,0.0,-0.0
10198,0.0,0.0,-0.0
83039,0.0,0.0,-0.0
4230,0.1,1.0,-2.338990688895769e-06
3660,0.024999999999999994,0.7,-3.5416632062357914e-07
32,-0.2,0.0,0.0
3660,0.11666666666666665,0.6833333333333332,-1.6134243495074164e-06
154,0.25,0.55,-1.170877726651724e-07
15,-0.04999999999999999,0.65,2.6956452974862585e-09
1493,0.0,0.0,-0.0
32,-0.19999999999999998,0.32222222222222224,1.1403117201446147e-08
2344,0.0,0.0,-0.0
3660,0.4000000000000001,0.9,-7.285707167113632e-06
1387,0.1,1.0,-7.669456466899367e-07
3660,0.0,0.0,-0.0
273,-0.125,1.0,1.886951708240381e-07
10374,0.4333333333333333,0.7333333333333333,-1.8228792146805743e-05
109,0.0,0.5,-0.0
10374,0.1708333333333333,0.15,-1.4699353807192569e-06
408,0.125,0.21666666666666667,-6.110129340968854e-08
450,0.35,0.43333333333333335,-3.773903416480762e-07
4051,0.0,0.0,-0.0
3660,0.0,0.5,-0.0
1307,-0.23333333333333336,0.5,8.431609855282662e-07
8222,0.0,0.0,-0.0
2052,0.75,0.75,-6.382458635125159e-06
3235,0.0,0.0,-0.0
21690,0.25,0.3111111111111111,-9.328315111506295e-06
2302,0.0,0.0,-0.0
69,0.35,0.5,-6.676906044542887e-08
5244,0.5428571428571429,0.7678571428571428,-1.2086951898476879e-05
7321,0.0,0.0,-0.0
626,-0.12685185185185185,0.25462962962962965,1.1180679768708373e-07
2905,0.5,0.9,-7.228476543874692e-06
1420,0.0,0.0,-0.0
866,-0.6499999999999998,0.725,2.256614533368996e-06
24,0.0,0.0,-0.0
92,0.30000000000000004,0.425,-6.486137300413092e-08
210,0.0,0.0,-0.0
605,0.35000000000000003,0.625,-7.317985791573275e-07
8626,0.35,0.43333333333333335,-7.2341535267917915e-06
1189,0.5,0.5,-1.6436524403646984e-06
884,-1.0,1.0,4.888103472775083e-06
5393,0.0,0.0,-0.0
3126,0.0,0.0,-0.0
3660,0.06666666666666667,0.39999999999999997,-5.396820123787874e-07
3417,0.0,0.6,-0.0
3459,0.0,0.0,-0.0
828,0.375,0.0,-0.0
1398,0.1875,0.4375,-6.341246365673204e-07
1429,0.0,0.0,-0.0
45,-0.051851851851851864,0.17962962962962967,2.3176234973006276e-09
209,0.41818181818181815,0.6,-2.8996849107729104e-07
1785,0.0,0.0,-0.0
216,0.0,0.0,-0.0
1331,0.0,0.0,-0.0
761,0.0,0.0,-0.0
1214,0.22499999999999998,0.175,-2.6431838928505645e-07
1352,0.0,0.0,-0.0
4053,0.0,0.0,-0.0
918,-0.12685185185185185,0.25462962962962965,1.6395948925997264e-07
209,0.12878787878787878,0.3333333333333333,-4.961216131555907e-08
930,0.0,0.0,-0.0
1480,0.0,0.0,-0.0
477,0.5,0.9,-1.1869133602162575e-06
182,0.125,0.21666666666666667,-2.7255969119027733e-08
4181,0.125,0.21666666666666667,-6.26138499377225e-07
3358,0.8,0.75,-1.1140894657180133e-05
182,0.575,0.975,-5.641985607638739e-07
299,0.5,0.5,-4.1333227894789304e-07
52,0.0,0.16666666666666666,-0.0
40875,0.0,0.0,-0.0
194,0.0,0.0,-0.0
597,0.0,0.6666666666666666,-0.0
54,0.0,0.0,-0.0
1828,0.21428571428571427,0.42857142857142855,-9.282837558188161e-07
2547,0.125,0.21666666666666667,-3.8143380959430563e-07
45878,0.0,0.0,-0.0
190,0.125,0.7,-9.192841655530063e-08
2152,0.17857142857142855,0.5178571428571428,-1.10040444613764e-06
2786,0.4681818181818182,0.7272727272727273,-5.245429850568762e-06
2650,0.0,0.0,-0.0
133,0.0,0.0,-0.0
3402,0.023809523809523808,0.2976190476190476,-1.3330114108448533e-07
247,0.125,0.7,-1.1650600013351484e-07
662,0.0,1.0,-0.0
362,0.0,1.0,-0.0
15,0.25,0.25,-5.053759404287803e-09
1347,0.012500000000000002,0.5958333333333333,-5.408112167851784e-08
422,0.2,0.30000000000000004,-1.3649193399100501e-07
7674,0.012500000000000002,0.5958333333333333,-3.081058112553422e-07
1035,0.0,0.0,-0.0
1035,0.0,0.0,-0.0
150,0.012500000000000002,0.5958333333333333,-6.022396623442967e-09
3401,0.0,0.0,-0.0
266,0.0,1.0,-0.0
5265,0.0,0.0,-0.0
21,-0.0125,0.5875,8.313434220053438e-10
106,0.2,0.2,-2.2856469199125644e-08
6,0.1,0.1,-3.234406018744195e-10
20,0.2634920634920635,0.4349206349206349,-1.235522997871512e-08
215,-0.025000000000000022,0.625,1.810930453203131e-08
24,0.2,0.2,-5.175049629990712e-09
206,0.65,0.675,-4.872228366485785e-07
414,0.012500000000000002,0.5958333333333333,-1.6621814680702588e-08
312,0.0,1.0,-0.0
3494,0.0,0.0,-0.0
4032,0.31212121212121213,0.5265151515151515,-3.5718891106614253e-06
35,0.39285714285714285,0.5178571428571428,-3.8384505951614504e-08
478,0.05952380952380952,0.3011904761904762,-4.619586846546796e-08
6,0.30000000000000004,0.35,-3.3961263196814044e-09
479,0.012500000000000002,0.5958333333333333,-1.923151988419454e-08
1051,0.4375,0.30000000000000004,-7.436101587469077e-07
653,0.012500000000000002,0.5958333333333333,-2.621749996738838e-08
106,0.0,1.0,-0.0
382,0.6666666666666666,0.7000000000000001,-9.609779660135528e-07
151,0.6666666666666666,0.7000000000000001,-3.7986301797917925e-07
463,0.012500000000000002,0.5958333333333333,-1.8589130911027293e-08
75,0.6666666666666666,0.7000000000000001,-1.8867368442674468e-07
487,-0.26666666666666666,0.5750000000000001,4.0253979795504136e-07
487,0.0,0.0,-0.0
109,-0.20833333333333334,0.7777777777777777,9.521033149312579e-08
24,0.5,0.625,-4.043007523430242e-08
243,0.8,0.7,-7.335632850511832e-07
122,0.012500000000000002,0.5958333333333333,-4.898215920400279e-09
4886,0.012500000000000002,0.5958333333333333,-1.9616953268094888e-07
368,0.012500000000000002,0.5958333333333333,-1.4774946382846745e-08
103,0.2,0.2,-2.22095879953768e-08
243,-0.2047619047619047,0.7579365079365079,2.0329727014244434e-07
2043,0.012500000000000002,0.5958333333333333,-8.202504201129321e-08
64,0.012500000000000002,0.5958333333333333,-2.569555892668999e-09
571,0.2,0.2,-1.231230557801957e-07
161,0.011111111111111112,0.3888888888888889,-3.750180641074802e-09
853,0.011111111111111112,0.3888888888888889,-1.9868969483458425e-08
444,0.012500000000000002,0.5958333333333333,-1.7826294005391184e-08
239,0.012500000000000002,0.5958333333333333,-9.595685286685794e-09
159,-0.024999999999999994,0.6666666666666666,1.428529324945352e-08
131,0.2,0.2,-2.8247145897032635e-08
3112,0.012500000000000002,0.5958333333333333,-1.2494465528103008e-07
253,0.2,0.2,-5.455364818281875e-08
340,0.012500000000000002,0.5958333333333333,-1.3650765679804058e-08
110,-1.0,1.0,5.929744367697689e-07
4421,0.3181818181818182,0.6772727272727272,-5.135736672262194e-06
130,0.012500000000000002,0.5958333333333333,-5.2194104069839045e-09
1329,0.0,0.0,-0.0
766,0.0,0.0,-0.0
467,0.2,0.2,-1.006978407169026e-07
4059,0.0,0.0,-0.0
1036,-0.1225,0.49333333333333335,3.375045180008123e-07
84,0.2,0.2,-1.811267370496749e-08
4516,0.0,0.0,-0.0
802,-0.13333333333333333,0.4333333333333333,2.49791978899459e-07
8,0.0,0.0,-0.0
306,0.0,0.25,-0.0
511,0.012500000000000002,0.5958333333333333,-2.051629783052904e-08
498,0.012500000000000002,0.5958333333333333,-1.9994356789830646e-08
134,0.2,0.2,-2.8894027100781475e-08
77,0.2,0.2,-1.6603284229553533e-08
117,0.012500000000000002,0.5958333333333333,-4.697469366285514e-09
3843,0.012500000000000002,0.5958333333333333,-1.542938014926088e-07
158,0.2,0.2,-3.4069076730772186e-08
447,-0.25,0.5333333333333333,3.2128433119525657e-07
615,0.0,0.0,-0.0
615,0.25,0.5625,-4.6620930504554984e-07
213,0.2,0.2,-4.5928565466167565e-08
951,0.2,0.2,-2.0506134158838197e-07
4058,0.5875,0.75,-9.638833161421957e-06
615,0.1,0.4,-1.32610646768512e-07
350,0.07708333333333334,0.6416666666666666,-9.332141092565895e-08
39,0.35,0.65,-4.782877900217977e-08
405,0.0,0.0,-0.0
16,0.16249999999999998,0.2875,-4.029530831685474e-09
159,0.013392857142857137,0.4642857142857143,-5.3296534125831045e-09
192,0.2,0.2,-4.1400397039925696e-08
478,0.049999999999999996,0.6833333333333332,-8.803873493798431e-08
96,0.012500000000000002,0.5958333333333333,-3.854333839003498e-09
20,0.0,0.4,-0.0
4257,-0.02121212121212122,0.5181818181818182,2.5223956392542795e-07
4580,0.65,0.65,-1.0431228944284921e-05
624,0.012500000000000002,0.5958333333333333,-2.505316995352274e-08
876,0.0,0.0,-0.0
615,0.5,0.5,-8.288165423031998e-07
1978,0.012500000000000002,0.5958333333333333,-7.941533680780125e-08
244,0.012500000000000002,0.5958333333333333,-9.796431840800559e-09
