297,0.0,0.0,0.0
539,-0.15555555555555559,0.2888888888888889,-1.588852678015118e-06
302,0.25,0.25,1.2381277590268726e-06
147,-0.15555555555555559,0.2888888888888889,-4.3332345764048673e-07
464,0.0,0.0,0.0
539,-0.15555555555555559,0.2888888888888889,-1.588852678015118e-06
742,0.020833333333333332,0.5,5.070037512129908e-07
34,0.0,0.0,0.0
607,0.0,0.0,0.0
32,0.25,0.6000000000000001,3.1486162878564183e-07
293,-0.15555555555555559,0.2888888888888889,-8.636991366575688e-07
288,0.0,0.0,0.0
2145,0.375,0.375,1.9786470519878952e-05
4411,0.0,0.0,0.0
151,0.25,0.25,6.190638795134363e-07
125,0.0,0.0,0.0
164,0.0,0.0,0.0
31323,-0.15555555555555559,0.2888888888888889,-9.233326982090452e-05
2509,0.0,0.0,0.0
25,0.0,0.0,0.0
292,-0.16666666666666666,0.25,-7.980867674080504e-07
240,0.0,0.0,0.0
262,-0.15,0.4,-1.0311718342729768e-06
443,-0.2,0.85,-4.940047763301393e-06
998,-0.15555555555555559,0.2888888888888889,-2.9418830661578623e-06
0,-0.6,0.8,-0.0
989,-0.390625,0.6,-1.5204987835400378e-05
204,0.0,0.0,0.0
1139,-0.15555555555555559,0.2888888888888889,-3.357519852057921e-06
77,0.0,0.0,0.0
17,0.8,0.9,8.028971534033866e-07
321,0.0,0.0,0.0
4,0.25,0.25,1.639904316591884e-08
126,0.0,0.0,0.0
11,0.0,0.0,0.0
622,0.0,0.0,0.0
20,0.0,0.0,0.0
75,0.5625,0.775,2.1446873640428238e-06
43,0.0,0.0,0.0
117,0.25,0.25,4.796720126031262e-07
475,0.0,0.0,0.0
611,0.0,0.0,0.0
4398,-0.1,0.44999999999999996,-1.2982138531867991e-05
623,-0.15555555555555559,0.2888888888888889,-1.8364660823811105e-06
294,0.0,0.0,0.0
1088,-0.15555555555555559,0.2888888888888889,-3.2071831422642823e-06
161,-0.16666666666666666,0.25,-4.400409916188222e-07
410,0.024999999999999994,0.16666666666666666,1.1206012830044539e-07
22,0.35,0.65,3.283088441816952e-07
11,0.0,0.0,0.0
144,0.0,0.0,0.0
418,0.0,0.0,0.0
120,0.0,0.1,0.0
1429,-0.16666666666666666,0.25,-3.905705447349671e-06
75,0.25,0.25,3.074820593609783e-07
66,0.0,0.0,0.0
33215,0.0,0.0,0.0
5082,0.0,0.0,0.0
509,0.0,0.0,0.0
1874,0.0,0.0,0.0
11,0.0,0.0,0.0
250,0.0,0.0,0.0
196,-0.09999999999999999,0.26666666666666666,-3.4284932912214324e-07
40,-0.15555555555555559,0.2888888888888889,-1.1791114493618687e-07
91,0.0,0.0,0.0
27,0.0,0.0,0.0
110,0.0,0.0,0.0
64,-0.06666666666666667,0.3,-8.396310100950447e-08
189,-0.15555555555555559,0.2888888888888889,-5.571301598234828e-07
36,0.0,0.0,0.0
11,0.0,0.0,0.0
140,-0.16666666666666666,0.25,-3.826443405381063e-07
230,0.0,0.0,0.0
762,-0.15555555555555559,0.2888888888888889,-2.2462073110343596e-06
11,0.0,0.0,0.0
20967,-0.4,0.6,-0.00033008518853742757
3750,-0.6999999999999998,0.6666666666666666,-0.00011479330216143186
52,0.0,0.1,0.0
239,0.25,0.25,9.79842829163651e-07
1476,0.0,0.0,0.0
1117,0.0,0.0,0.0
301,0.0,0.0,0.0
9,0.65,0.7,2.686163270577506e-07
726,0.4,1.0,1.9049128541531328e-05
180,-0.15555555555555559,0.2888888888888889,-5.306001522128408e-07
67931,0.0,0.0,0.0
519,0.25,0.25,2.1277758507779697e-06
298,-0.15555555555555559,0.2888888888888889,-8.784380297745922e-07
923,0.0,0.0,0.0
1,0.1777777777777778,0.37777777777777777,4.405471349264124e-09
50,0.17045454545454544,0.45454545454545453,2.5411740443056057e-07
11,0.3125,0.475,1.0710625067740743e-07
4,-0.78125,0.4,-8.19952158295942e-08
1526,-0.15555555555555559,0.2888888888888889,-4.4983101793155295e-06
50,0.25,0.25,2.0498803957398554e-07
207,0.0,0.75,0.0
110,0.0,0.0,0.0
619,-0.15555555555555559,0.2888888888888889,-1.8246749678874915e-06
33,0.6,0.25,3.2470105468519306e-07
232,-0.0625,0.4875,-4.636829455163552e-07
3029,0.8,0.7,8.338830555036544e-05
28,0.0,0.0,0.0
1416,-0.21746031746031744,0.6253968253968254,-9.467096242026958e-06
1688,0.0,0.0,0.0
30,-1.0,1.0,-1.4748202887038174e-06
1004,0.0,0.0,0.0
468,0.0,0.0,0.0
727,0.0,0.0,0.0
1074,0.0,0.0,0.0
310,0.5,0.5,3.8099524124848617e-06
168,0.0,0.0,0.0
2492,0.0,0.0,0.0
12,0.0,0.0,0.0
3,-0.25,0.75,-2.7652880413196583e-08
12,0.06818181818181818,0.25,1.0055592877526029e-08
3941,0.0,0.0,0.0
328,0.1,0.4,6.449880729264697e-07
30,0.0,0.0,0.0
321,0.15,0.65,1.5386062661902576e-06
980,0.0,0.0,0.0
2262,0.0,0.0,0.0
646,0.0,0.0,0.0
713,0.0,0.0,0.0
387,0.0,0.0,0.0
129,0.0,0.0,0.0
210,0.0,0.0,0.0
227,0.0,0.0,0.0
173,0.0,0.0,0.0
30,0.0,0.0,0.0
274,-0.2,0.8,-2.155204048559179e-06
192,0.0,0.0,0.0
1214,-0.8,1.0,-4.774484881297159e-05
920,0.0,0.0,0.0
51,0.0,0.0,0.0
301,0.0,0.0,0.0
180,0.0,0.0,0.0
1567,0.0,0.0,0.0
46,0.0,0.0,0.0
69,0.0,0.0,0.0
313,0.0,0.0,0.0
384,0.0,0.0,0.0
72,0.0,0.0,0.0
601,-0.21746031746031744,0.6253968253968254,-4.018167260916809e-06
692,0.5,0.5,8.504796998192015e-06
895,0.22708333333333333,0.796875,7.961893181954803e-06
356,-0.05,0.05,-4.3753001898213264e-08
126,0.0,0.3,0.0
866,0.0,0.0,0.0
60,0.0,0.0,0.0
603,0.0,0.0,0.0
60,0.0,0.0,0.0
1546,0.0,0.0,0.0
124,0.0,0.0,0.0
854,0.0,0.0,0.0
751,0.0,0.0,0.0
695,0.0,0.0,0.0
91,0.0,0.0,0.0
78,0.0,0.0,0.0
1157,0.0,0.0,0.0
7,0.0,0.0,0.0
1157,0.0,0.0,0.0
0,0.0,0.0,0.0
872,0.0,0.0,0.0
39,0.0,0.0,0.0
36,0.0,0.0,0.0
25,0.0,0.0,0.0
545,0.0,0.0,0.0
590,0.0,0.0,0.0
1459,0.0,0.0,0.0
47,0.8,0.7,1.2939089999561492e-06
6,0.0,0.0,0.0
87,0.0,0.0,0.0
1387,0.0,0.0,0.0
2543,0.0,0.0,0.0
864,0.0,0.0,0.0
10,0.0,0.0,0.0
260,0.0,0.0,0.0
1425,0.0,0.0,0.0
386,0.0,0.0,0.0
741,0.13636363636363635,0.45454545454545453,2.257937673408117e-06
69,0.0,0.0,0.0
2667,0.0,0.0,0.0
1412,0.0,0.0,0.0
3004,0.0,0.0,0.0
85,0.0,0.0,0.0
1320,0.0,0.0,0.0
234,0.0,0.0,0.0
4962,0.0,0.0,0.0
163,0.0,0.0,0.0
98,0.0,0.0,0.0
488,0.0,0.0,0.0
487,0.0,0.0,0.0
173,0.0,0.0,0.0
13,0.0,0.0,0.0
23,0.65,0.8,5.879616884299219e-07
210,0.0,0.0,0.0
634,0.0,0.0,0.0
1948,0.0,0.0,0.0
206,0.0,0.0,0.0
99,0.0,0.0,0.0
126,0.0,1.0,0.0
19,0.0,0.0,0.0
207,0.0,0.1,0.0
42,-0.3333333333333333,0.6666666666666666,-1.7226324391876075e-07
486,0.0,0.0,0.0
1048,0.0,0.0,0.0
142,0.0,0.0,0.0
957,0.1090909090909091,0.5,9.634437142027834e-07
3295,0.1090909090909091,0.5,3.317186037929124e-06
2027,0.0,0.0,0.0
963,0.65,0.875,1.0108891643526403e-05
26,0.0,0.0,0.0
1955,0.0,0.0,0.0
130,-0.3,0.2,-1.4396285384639293e-07
612,0.0,0.0,0.0
1955,-0.8,0.9,-2.597975808643368e-05
1955,0.0,0.0,0.0
1955,-0.8,0.9,-2.597975808643368e-05
3826,0.0,0.0,0.0
23,-0.13333333333333333,0.4222222222222222,-2.389810717222173e-08
219,0.0,0.0,0.0
41,0.0,0.0,0.0
250,0.0,0.5333333333333333,0.0
649,0.4,1.0,4.791379084426104e-06
2063,0.35,0.95,1.2660379447281873e-05
2063,0.0,0.0,0.0
42,0.1,0.4,3.100738390537694e-08
325,0.16111111111111112,0.6166666666666667,5.959573386465263e-07
286,0.0,0.0,0.0
2391,0.16111111111111112,0.6166666666666667,4.384412297550291e-06
56,0.0,0.0,0.0
333,0.2,0.8,9.83377032427669e-07
120,0.0,0.0,0.0
1677,0.0,0.1,0.0
1593,0.09375,0.7222222222222222,1.990736338344652e-06
102,0.0,0.0,0.0
174,0.0,0.0,0.0
3530,0.0,0.0,0.0
2,0.2,0.30000000000000004,2.2148131360983533e-09
128116,0.0,0.0,0.0
1189,0.0,0.0,0.0
752,0.4,0.75,4.1638486958649045e-06
225,0.0,0.0,0.0
1065,0.1,0.3,5.896939974861864e-07
98,0.0,0.0,0.0
6309,0.8,0.75,6.986628037822255e-05
862,0.3666666666666667,0.4166666666666667,2.4306548792227525e-06
341,0.0,0.0,0.0
193367,0.4,1.0,0.0014275725722931007
22104,0.0,0.1,0.0
2523,0.0,0.0,0.0
3473,0.0,0.0,0.0
442,0.23522727272727273,0.35,6.716357914390524e-07
22,0.0,0.1,0.0
837,0.2857142857142857,0.5357142857142857,2.3645390241254092e-06
1139,0.0,0.0,0.0
2503,0.23522727272727273,0.35,3.8034035881718284e-06
1172,0.23522727272727273,0.35,1.7808985239062655e-06
765,0.3666666666666667,0.4166666666666667,2.157135710679125e-06
2157,0.0,0.0,0.0
1740,0.0,0.1,0.0
310,0.0,0.0,0.0
43,0.5,1.0,3.968206868842882e-07
59,0.25,0.47857142857142854,1.3028506438983312e-07
781,-1.0,1.0,-1.4414742160773448e-05
597,0.0,0.0,0.0
2060,0.5,0.8333333333333334,1.5842066181814608e-05
292,0.8,0.4,1.724601161975251e-06
971,0.5,0.5,4.480382406565626e-06
14587,0.0,0.0,0.0
1402,-0.09999999999999999,0.6944444444444445,-1.7969722319501684e-06
1921,0.0,0.0,0.0
6,0.3125,0.375,1.2977420719326285e-08
3497,0.0,0.0,0.0
205,0.0,0.0,0.0
445,0.5,0.5,2.0533163449245147e-06
671,0.1,0.3,3.7153490358049867e-07
606,0.3666666666666667,0.4166666666666667,1.7087898570869932e-06
34,0.3666666666666667,0.4166666666666667,9.587269825240555e-08
829,0.0,0.0,0.0
1378,0.5,0.5,6.358359378215687e-06
1323,-0.08333333333333333,0.175,-3.561004245383133e-07
36,0.7,0.6000000000000001,2.7906645514839247e-07
261,0.35,0.8,1.3488211998838967e-06
654,0.3666666666666667,0.4166666666666667,1.844139548737448e-06
2229,0.3666666666666667,0.4166666666666667,6.2853013060179995e-06
37,-0.1875,0.35,-4.48153595507401e-08
1139,0.7,0.6000000000000001,8.829352567056084e-06
99,0.2,0.30000000000000004,1.0963325023686851e-07
389,0.0,0.0,0.0
43,0.2,0.30000000000000004,4.7618482426114586e-08
85,-0.6,1.0,-9.412955828417998e-07
5433,0.2,0.30000000000000004,6.0165398842111765e-06
33,0.0,0.0,0.0
865,0.16,0.5399999999999999,1.3793856211620538e-06
3,0.7,0.8,3.1007383905376935e-08
3297,-0.09999999999999999,0.6944444444444445,-4.2258327023821005e-06
317,-0.75,1.0,-4.388098525894861e-06
263,-0.11249999999999999,0.2875,-1.570008358624094e-07
444,0.4,0.9,2.9501310972830064e-06
232,0.0,0.0,0.0
501,0.0,0.75,0.0
3470,0.0,0.0,0.0
232,-0.125,0.31666666666666665,-7.929814414862354e-08
3345,-0.125,0.375,-1.3539420539895145e-06
728,0.0,0.0,0.0
3915,-0.125,0.375,-1.5846586371805527e-06
3915,-0.22857142857142854,0.575595238095238,-4.447680441624944e-06
2,0.0,0.0,0.0
7,0.0,0.0,0.0
3689,0.0,0.0,0.0
23,0.25,1.0,4.965128807853924e-08
547,-0.2,0.9,-8.502027520370391e-07
262,0.0,0.0,0.0
472,0.0,0.0,0.0
253,-0.13125,0.59375,-1.702496120130537e-07
109,0.0,0.0,0.0
799,0.5,0.5,1.7248425728153417e-06
3049,-0.27954545454545454,0.6333333333333333,-4.6612766623237995e-06
3277,0.0,0.0,0.0
879,0.06666666666666665,0.8000000000000002,4.04809110455986e-07
237,0.0,0.0,0.0
237,0.0,0.0,0.0
2101,0.2,0.3,1.0885289348140272e-06
232,0.0,0.0,0.0
22327,-0.3,0.45,-2.6027162035737164e-05
71,0.25,1.0,1.5327136754679506e-07
556,0.0,0.0,0.0
144,-0.2,0.4,-9.947527628952559e-08
112,0.06666666666666665,0.8000000000000002,5.157977289086512e-08
2217,0.0,0.1,0.0
4681,-0.2,0.4,-3.2336372799393706e-06
202,-0.2,0.4,-1.395417070172512e-07
232,0.13636363636363635,0.5,1.365901047536099e-07
10848,0.06666666666666665,0.8000000000000002,4.995869431429506e-06
883,-0.2,0.4,-6.099768678031326e-07
382,0.0,0.0,0.0
2336,0.0,0.0,0.0
224,0.0,0.0,0.0
2721,-0.25,1.0,-5.873963254856752e-06
668,0.0,0.40833333333333327,0.0
265,0.06666666666666665,0.8000000000000002,1.220414269292791e-07
4137,0.06666666666666665,0.8000000000000002,1.9052278611563302e-06
3791,0.0,0.0,0.0
4499,0.0,0.0,0.0
256,-0.2,0.4,-1.768449356258233e-07
34061,0.0,0.0,0.0
53,-0.125,0.375,-2.1452594577412338e-08
496,0.0,0.0,0.0
734,-0.2,0.4,-5.070475888646652e-07
607,-0.2,0.4,-4.193159215815419e-07
3,-0.5,1.0,-1.2952509933531976e-08
365,0.525,0.5416666666666666,8.962867030047178e-07
1,-0.3125,0.6875,-1.8551772040215072e-09
604727,0.0,0.0,0.0
3669,0.0,0.0,0.0
218,-0.3125,0.6666666666666666,-3.921732174319404e-07
1507,0.0,0.0,0.0
229,-0.2,0.4,-1.5819332132153725e-07
429,0.0,0.0,0.0
1739,0.06666666666666665,0.8000000000000002,8.008680808679861e-07
3882,0.06666666666666665,0.8000000000000002,1.7877917710923066e-06
276,-0.2,0.4,-1.9066094622159073e-07
16620,0.06666666666666665,0.8000000000000002,7.654069870055162e-06
6334,0.06666666666666665,0.8000000000000002,2.9170203704530324e-06
3896,0.06666666666666665,0.8000000000000002,1.7942392427036652e-06
17000,0.06666666666666665,0.8000000000000002,7.829072670934883e-06
3522,0.14285714285714288,0.5047619047619047,2.1930097226781684e-06
3408,0.06666666666666665,0.8000000000000002,1.5694988036791813e-06
1751,-0.2,0.4,-1.2095917276594397e-06
23,0.0,0.0,0.0
316,0.0,0.0,0.0
149,0.0,0.0,0.0
1438,0.19999999999999998,0.3333333333333333,8.278093015297324e-07
85,0.0,0.0,0.0
142,-0.125,0.375,-5.7476762830048146e-08
424,-0.2,0.4,-2.928994246302698e-07
12,0.0,0.0,0.0
1208,0.0,0.0,0.0
3232,0.06666666666666665,0.8000000000000002,1.4884448748506792e-06
761,-0.2,0.4,-5.256992031689513e-07
306,-0.2,0.4,-2.113849621152419e-07
2798,0.0,0.0,0.0
1078,0.06666666666666665,0.8000000000000002,4.964553140745767e-07
3077,0.14285714285714288,0.5047619047619047,1.9159258707213864e-06
3658,0.0,0.0,0.0
1249,-0.125,0.375,-5.0555265334317e-07
286,-0.2,0.4,-1.9756895151947445e-07
223,0.0,0.0,0.0
165,-0.2,0.4,-1.1398208741508142e-07
58,0.0,0.03333333333333333,0.0
213,0.0,0.0,0.0
1844,0.06666666666666665,0.8000000000000002,8.49224117953172e-07
554,0.0,0.0,0.0
236,-0.2,0.4,-1.6302892503005587e-07
454,-0.2,0.4,-3.1362344052392096e-07
1340,0.0,0.0,0.0
3748,-0.2,0.4,-2.589120385646819e-06
1795,-0.10476190476190476,0.8119047619047618,-1.3183648109662556e-06
920,0.0,0.0,0.0
120,0.0,0.0,0.0
74,0.0,0.0,0.0
15458,0.0,0.0,0.0
52,0.0,0.0,0.0
6507,0.25,0.5333333333333333,6.9090506872860456e-06
583,1.0,1.0,4.642665457224256e-06
1172,1.0,1.0,9.333111347970548e-06
2776,0.21212121212121207,0.5515151515151516,2.5861865308299398e-06
313,-0.05,0.15,-1.8694094615495613e-08
40,0.0,0.0,0.0
2758,-0.15625,0.39375,-1.351243724965399e-06
175,0.0,0.0,0.0
1729,0.0,0.0,0.0
1422,0.0,0.0,0.0
44,0.225,0.675,5.321545783516484e-08
764,0.0,0.0,0.0
168,0.0,0.0,0.0
1351,0.25,0.5,1.3448201185055683e-06
901,0.0,0.0,0.0
142,0.0,0.0,0.0
2776,-0.17500000000000002,0.4,-1.5474489736669257e-06
490,0.06666666666666667,0.3416666666666666,8.888045457941234e-08
690,0.0,0.0,0.0
2776,0.0,0.0,0.0
156,0.0,0.0,0.0
33,0.3,0.575,4.533168630402929e-08
952,-0.0625,0.4875,-2.3098853330808076e-07
183,0.0,0.0,0.0
119,0.175,0.675,1.1194059691083913e-07
629,0.0,0.0,0.0
356,0.0,0.0,0.0
129,0.0,0.0,0.0
22,0.0,0.0,0.0
174,0.0,0.0,0.0
1154,0.0,0.0,0.0
1214,0.0,0.0,0.0
49,0.5,1.0,1.9510343688163685e-07
10393,0.0,0.0,0.0
1133,1.0,1.0,9.02253853007733e-06
850,-0.16666666666666666,0.43333333333333335,-4.888646207578428e-07
59,0.5,0.5,1.1746023240833238e-07
45,0.225,0.675,5.4424900058691304e-08
98,-0.4,0.6,-1.8729929940637138e-07
3750,-0.6999999999999998,0.6666666666666666,-1.3935959777259772e-05
51,0.0,0.0,0.0
1224,0.23333333333333334,0.6625,1.506755971117327e-06
4629,0.09270833333333334,0.3444444444444444,1.177128769807229e-06
5398,0.225,0.675,6.528569122595904e-06
89,0.5,0.9,3.1893439375957374e-07
13275,0.0,0.0,0.0
576,0.0,0.0,0.0
43,0.0,0.0,0.0
348,0.0,0.0,0.0
688,0.0,0.0,0.0
50,0.17045454545454544,0.45454545454545453,3.084996999098238e-08
655,-0.375,0.625,-1.2225071858176543e-06
610,0.0,0.0,0.0
36,0.20833333333333334,0.7916666666666667,4.7282720672845675e-08
2107,0.0,0.0,0.0
311,0.0,0.375,0.0
484,0.0,0.0,0.0
764,-0.5,0.8,-2.4336167473889073e-06
282,0.0,0.0,0.0
2470,0.0,0.0,0.0
1597,0.225,0.675,1.931479230971778e-06
799,0.5,0.3,9.544141596026194e-07
54,0.0,0.0,0.0
416,0.0,0.0,0.0
202,0.0,0.0,0.0
42,0.1375,0.75,3.449150044871795e-08
5042,0.0,0.0,0.0
2,0.0,0.0,0.0
1351,0.0,0.0,0.0
5,0.8,1.0,3.1853622348022347e-08
496,0.0,0.0,0.0
63,0.3296874999999999,0.7000000000000001,1.1578169582444635e-07
5,0.0,0.6666666666666666,0.0
690,0.0,0.0,0.0
721,0.0,0.0,0.0
1721,0.0,0.0,0.0
148,0.0,0.0,0.0
4,0.6,0.8,1.5289738727050723e-08
224,0.2,0.2,7.135211405957006e-08
1456,0.0,0.0,0.0
88,0.0,0.0,0.0
19,-0.4,0.4,-2.4208752984496987e-08
4206,0.0,0.0,0.0
54,0.0,0.0,0.0
772,0.0,0.0,0.0
87,0.13636363636363635,0.45454545454545453,4.294315822744747e-08
1594,0.0,0.0,0.0
132,0.175,0.675,1.241694016153846e-07
44,0.25,0.3833333333333333,3.3579026891873555e-08
2992,-0.3833333333333333,0.65,-5.936771954483244e-06
1420,-0.125,0.375,-5.300641843850594e-07
271,0.0,0.0,0.0
66,0.0,0.0,0.0
752,1.0,1.0,5.988481001428201e-06
3967,0.0,0.0,0.0
1388,0.2242063492063492,0.7115079365079365,1.763258383643337e-06
2356,-0.06666666666666667,0.6333333333333333,-7.268799000918412e-07
130,-0.5,0.5,-2.3748142567337996e-07
10070,0.11666666666666665,0.5166666666666667,4.435402021941993e-06
249,0.25,0.3,1.3646048075231906e-07
1444,0.0,0.0,0.0
184,0.4,0.5,2.6890204507016565e-07
188,0.2833333333333333,0.3333333333333333,1.2974198913711493e-07
644,0.5,0.5,1.1764464471819746e-06
272,-0.25,0.55,-2.732863175441357e-07
21,0.0,0.0,0.0
74,-0.0625,0.15,-5.069315048027917e-09
81,-0.0625,0.2375,-8.785671012291627e-09
3329,0.16666666666666666,0.3666666666666667,1.4865525344843591e-06
104,0.36818181818181817,0.7272727272727273,2.0348821664310772e-07
51,0.0,0.0,0.0
695,-0.0875,0.2583333333333333,-1.1479410645170123e-07
111,0.20000000000000004,0.45,7.299813669160205e-08
126,-0.5,1.0,-4.603486097668596e-07
171,0.0,0.0,0.0
1015,0.0,0.0,0.0
3392,0.35714285714285715,0.5714285714285714,5.058317085614473e-06
206,0.0,0.0,0.0
32,0.25,0.6000000000000001,3.507417979176074e-08
994,0.06888888888888889,0.4877777777777778,2.4406407701098527e-07
626,0.2,0.4,3.659406091607037e-07
156,0.1875,0.4,8.54933132424168e-08
45,0.0,0.0,0.0
277,-0.13749999999999998,0.6625000000000001,-1.843803505452875e-07
229,0.0,0.0,0.0
7254,-0.6999999999999998,0.6666666666666666,-2.4736065298139253e-05
13,0.0,0.0,0.0
422,0.0,0.0,0.0
182,-0.0625,0.15,-1.2467774847852447e-08
7762,0.8,0.75,3.403072294295586e-05
29,0.6,0.55,6.992914595982297e-08
945,-0.0625,0.15,-6.473652324846463e-08
370,0.0,0.0,0.0
2,0.35,0.55,2.813241504130809e-09
1054,0.0,0.0,0.0
2567,-0.05,0.8500000000000001,-7.971886103815869e-07
41,0.31666666666666665,0.5958333333333333,5.6527176016533134e-08
6612,0.03333333333333333,0.30833333333333335,4.965675718157126e-07
557,0.0,0.0,0.0
425,0.0,0.0,0.0
132,0.7,0.6000000000000001,4.051067765948364e-07
12430,0.33611111111111114,0.27222222222222225,8.31043696302049e-06
18058,-0.16666666666666666,0.3333333333333333,-7.330665956939992e-06
349,-0.0625,0.15,-2.3907985834618157e-08
2616,-0.0625,0.15,-1.792071373735275e-07
125,0.0,0.0,0.0
195,0.0,0.0,0.0
918,0.0,0.0,0.0
102,0.25,0.5,9.316579007186444e-08
1155,0.5,0.5,2.1099311280981065e-06
2776,0.3,0.2,1.2170740387740973e-06
1143,0.275,0.875,2.0097093995134467e-06
60,0.0,0.0,0.0
559,0.0,0.0,0.0
171,0.0,0.0,0.0
1173,0.05,0.25,1.071406585826441e-07
570,0.0,0.0,0.0
1872,-1.0,1.0,-1.3678930118786685e-05
207,0.15999999999999998,0.36666666666666675,8.873767487315465e-08
1082,0.75,0.4,2.3718914084178196e-06
18058,-0.16666666666666666,0.3333333333333333,-7.330665956939992e-06
202,0.0,0.0,0.0
148,0.0,0.0,0.0
2984,-0.17500000000000002,0.8000000000000002,-3.0526227812095764e-06
56,0.0,0.0,0.0
252,0.0,0.05,0.0
425,0.25833333333333336,0.4,3.209043880253109e-07
886,0.85,1.0,5.502992666911459e-06
247,0.13636363636363635,0.5,1.2305855693984234e-07
608,0.0,0.0,0.0
251,0.05,0.25,2.2926091478468605e-08
507,0.0,0.0,0.0
398,-0.0625,0.15,-2.7264694447501507e-08
34,0.3666666666666667,0.6,5.4657263508827136e-08
149,0.06888888888888889,0.4877777777777778,3.65850578215662e-08
698,0.0,0.0,0.0
9320,0.8,0.9,4.9033703348881507e-05
2289,0.18333333333333335,0.48333333333333334,1.4821093990929143e-06
246,0.5787878787878787,0.6,6.242406862483597e-07
430,0.25,0.3625,2.8474936328336997e-07
21,0.1875,0.4,1.1508715244171492e-08
327,-0.625,1.0,-1.4933928114460624e-06
232,0.5,0.55,4.6619430639881977e-07
26,0.0,0.0,0.0
2434,-0.0625,0.15,-1.66739362525675e-07
252,0.0,0.0,0.0
105,0.0,0.0,0.0
490,0.25,0.31666666666666665,2.834553939768163e-07
189,-0.22777777777777777,0.47222222222222215,-1.4854767639236163e-07
3329,0.17500000000000002,0.5166666666666667,2.199422045339359e-06
720,0.0,0.0,0.0
953,-0.0625,0.15,-6.528455730771088e-08
1474,0.15,0.7,1.130923084660585e-06
1851,0.0,0.6,0.0
43,-0.4,0.4,-5.0272991034857063e-08
318,0.5,0.55,6.390077130811409e-07
