93,0.0,0.0,0.0
553,0.21428571428571427,0.6428571428571429,3.0217646532802167e-07
1853,0.5,1.0,3.6751344882979544e-06
594,0.0,0.0,0.0
1923,0.484375,0.625,2.3092387371292535e-06
38,0.5333333333333333,0.7999999999999999,6.431320075942166e-08
191,0.5,1.0,3.788185036507875e-07
594,0.0,0.0,0.0
414,0.0,0.1,0.0
643,0.13636363636363635,0.45454545454545453,1.5809374184205986e-07
2430,0.0,0.0,0.0
92533,0.0,0.7,0.0
66,0.0,0.0,0.0
168,0.0,0.0,0.0
40193,0.0,0.0,0.0
1728,0.0,0.0,0.0
79030,0.0,0.0,0.0
294,0.0,0.0,0.0
34,0.0,0.0,0.0
594,0.0,0.0,0.0
2295,0.17532467532467533,0.5487012987012987,8.757689309984595e-07
773,0.0,0.0,0.0
177,0.25,1.0,1.7552585116803505e-07
116,0.0,0.4,0.0
258,0.0,0.0,0.0
200,-0.16666666666666666,0.06666666666666667,-8.814857560227749e-09
1637,0.13636363636363635,0.45454545454545453,4.024874889509362e-07
34,0.0,0.0,0.0
486,0.0,0.0,0.0
1903,0.0,0.0,0.0
86,0.0,0.0,0.0
86,0.42857142857142855,0.3976190476190476,5.813218665917951e-08
846,0.5,0.9,1.5101173229304173e-06
1870,-0.125,0.375,-3.4770481110617114e-07
86,0.25,0.3333333333333333,2.842791563173449e-08
326,0.0,0.1,0.0
334,0.25,0.5,1.6560913641277885e-07
804,0.0,0.0,0.0
377,0.25,0.75,2.8039510970486957e-07
1018,0.0,0.0,0.0
2545,0.0,0.0,0.0
183,0.0,0.0,0.0
342,0.0,0.0,0.0
157425,-0.16666666666666666,0.06666666666666667,-6.938394757094268e-06
7607,0.0,0.0,0.0
2549,0.3,0.0,0.0
435,0.0,0.0,0.0
312,0.0,0.0,0.0
1115,0.0,0.0,0.0
686,0.0,0.0,0.0
379,0.6666666666666666,0.65,6.51462047988632e-07
158,0.484375,0.625,1.8973464402830062e-07
736839,-0.5,0.9,-0.0013152639930386826
752,0.05000000000000001,0.4962962962962963,7.402129721908584e-08
2936,0.0,0.0,0.0
3302,0.0,0.0,0.0
1643,0.0,0.0,0.0
2745,0.0,0.0,0.0
1550,0.0,0.0,0.0
399,0.3,0.48333333333333334,2.2949261286613941e-07
403,0.22443181818181818,0.41666666666666663,1.4948790135563076e-07
1361,0.375,0.65,1.3159232562356124e-06
87,0.0,0.0,0.0
2396,0.2857142857142857,0.5357142857142857,1.4547213400159527e-06
109,0.3333333333333333,0.5,7.206146055486186e-08
116,0.5,0.5,1.1503389116097214e-07
5565,0.22443181818181818,0.41666666666666663,2.0642684145014523e-06
45484,0.3,0.48333333333333334,2.6161007527828278e-05
127,0.0,0.0,0.0
19,0.0,0.0,0.0
28050,0.0,0.0,0.0
62,0.0,0.0,0.0
646,0.0,0.1,0.0
1133,0.0,0.0,0.0
62,0.13636363636363635,0.45454545454545453,1.524387557419551e-08
88,0.5,0.5,8.726708984625472e-08
667,0.0,0.0,0.0
70,0.0,0.0,0.0
3452,0.0,0.375,0.0
7135,0.0,0.0,0.0
9321,0.0,0.0,0.0
4786,0.1,0.25,4.7461396818656264e-07
662,0.0,0.0,0.0
18,0.0,0.375,0.0
367,0.25757575757575757,0.6333333333333333,2.3748227955612675e-07
1842,0.0,0.0,0.0
13897,0.0,0.0,0.0
19459,0.0,0.0,0.0
70,0.0,0.0,0.0
20,0.04545454545454545,0.3181818181818182,1.1473884840792318e-09
4439,0.0,0.0,0.0
27,0.0,0.1,0.0
5,0.3,0.45,2.677512983919179e-09
5740,0.5,0.5,5.692194269517069e-06
162,0.375,0.65,1.5663450955927197e-07
25037,0.7,0.8,5.561579236132638e-05
2290,0.13636363636363635,0.45454545454545453,5.630399204017374e-07
93,0.0,0.0,0.0
553,0.21428571428571427,0.6428571428571429,1.5108823266401084e-07
1853,0.5,1.0,1.8375672441489772e-06
594,0.0,0.0,0.0
1923,0.484375,0.625,1.1546193685646267e-06
38,0.5333333333333333,0.7999999999999999,3.215660037971083e-08
191,0.5,1.0,1.8940925182539375e-07
594,0.0,0.0,0.0
414,0.0,0.1,0.0
643,0.13636363636363635,0.45454545454545453,7.904687092102993e-08
2430,0.0,0.0,0.0
92533,0.0,0.7,0.0
66,0.0,0.0,0.0
168,0.0,0.0,0.0
40193,0.0,0.0,0.0
1728,0.0,0.0,0.0
79030,0.0,0.0,0.0
294,0.0,0.0,0.0
34,0.0,0.0,0.0
594,0.0,0.0,0.0
2295,0.17532467532467533,0.5487012987012987,4.3788446549922973e-07
773,0.0,0.0,0.0
177,0.25,1.0,8.776292558401753e-08
116,0.0,0.4,0.0
258,0.0,0.0,0.0
200,-0.16666666666666666,0.06666666666666667,-4.4074287801138745e-09
1637,0.13636363636363635,0.45454545454545453,2.012437444754681e-07
34,0.0,0.0,0.0
486,0.0,0.0,0.0
1903,0.0,0.0,0.0
86,0.0,0.0,0.0
86,0.42857142857142855,0.3976190476190476,2.9066093329589755e-08
846,0.5,0.9,7.550586614652087e-07
1870,-0.125,0.375,-1.7385240555308557e-07
86,0.25,0.3333333333333333,1.4213957815867245e-08
326,0.0,0.1,0.0
334,0.25,0.5,8.280456820638942e-08
804,0.0,0.0,0.0
377,0.25,0.75,1.4019755485243479e-07
1018,0.0,0.0,0.0
2545,0.0,0.0,0.0
183,0.0,0.0,0.0
342,0.0,0.0,0.0
157425,-0.16666666666666666,0.06666666666666667,-3.469197378547134e-06
7607,0.0,0.0,0.0
2549,0.3,0.0,0.0
435,0.0,0.0,0.0
312,0.0,0.0,0.0
1115,0.0,0.0,0.0
686,0.0,0.0,0.0
379,0.6666666666666666,0.65,3.25731023994316e-07
158,0.484375,0.625,9.486732201415031e-08
736839,-0.5,0.9,-0.0006576319965193413
752,0.05000000000000001,0.4962962962962963,3.701064860954292e-08
2936,0.0,0.0,0.0
3302,0.0,0.0,0.0
1643,0.0,0.0,0.0
2745,0.0,0.0,0.0
1550,0.0,0.0,0.0
399,0.3,0.48333333333333334,1.1474630643306971e-07
403,0.22443181818181818,0.41666666666666663,7.474395067781538e-08
1361,0.375,0.65,6.579616281178062e-07
87,0.0,0.0,0.0
2396,0.2857142857142857,0.5357142857142857,7.273606700079764e-07
109,0.3333333333333333,0.5,3.603073027743093e-08
116,0.5,0.5,5.751694558048607e-08
5565,0.22443181818181818,0.41666666666666663,1.0321342072507261e-06
45484,0.3,0.48333333333333334,1.3080503763914139e-05
127,0.0,0.0,0.0
19,0.0,0.0,0.0
28050,0.0,0.0,0.0
62,0.0,0.0,0.0
646,0.0,0.1,0.0
1133,0.0,0.0,0.0
62,0.13636363636363635,0.45454545454545453,7.621937787097755e-09
88,0.5,0.5,4.363354492312736e-08
667,0.0,0.0,0.0
70,0.0,0.0,0.0
3452,0.0,0.375,0.0
7135,0.0,0.0,0.0
9321,0.0,0.0,0.0
4786,0.1,0.25,2.3730698409328132e-07
662,0.0,0.0,0.0
18,0.0,0.375,0.0
367,0.25757575757575757,0.6333333333333333,1.1874113977806337e-07
1842,0.0,0.0,0.0
13897,0.0,0.0,0.0
19459,0.0,0.0,0.0
70,0.0,0.0,0.0
20,0.04545454545454545,0.3181818181818182,5.736942420396159e-10
4439,0.0,0.0,0.0
27,0.0,0.1,0.0
5,0.3,0.45,1.3387564919595895e-09
5740,0.5,0.5,2.8460971347585347e-06
162,0.375,0.65,7.831725477963599e-08
25037,0.7,0.8,2.780789618066319e-05
2290,0.13636363636363635,0.45454545454545453,2.815199602008687e-07
1115,0.0,0.0,0.0
5099,0.3,1.0,2.7264652338281823e-06
4785,0.0,0.0,0.0
53814,0.48212121212121206,0.5957575757575757,2.7549567502754543e-05
4256,0.7025,0.8,4.263159999847736e-06
1073,0.48212121212121206,0.5957575757575757,5.493121851275808e-07
40193,0.0,1.0,0.0
12414,0.0,1.0,0.0
288,-0.8,1.0,-4.1065410856639427e-07
333,-0.009595959595959616,0.3944444444444445,-2.2465298077207053e-09
333,0.0,1.0,0.0
6212,0.0,1.0,0.0
1203,0.016666666666666663,0.19999999999999998,7.147235136073092e-09
207,0.0,0.0,0.0
3355,0.06666666666666667,0.43333333333333335,1.7274960402317985e-07
395,0.4,0.75,2.1120881885901788e-07
3,0.5,0.75,2.0051470144843467e-09
374,0.0,1.0,0.0
171,0.0,1.0,0.0
1480,1.0,1.0,2.637882294610518e-06
54,0.0,1.0,0.0
2707,0.25,0.37777777777777777,4.5567832325706245e-07
2707,-0.009595959595959616,0.3944444444444445,-1.8262330899399245e-08
138,0.0,0.0,0.0
2707,0.0,1.0,0.0
1026,0.0,1.0,0.0
609,0.0,0.0,0.0
1501,0.0,0.0,0.0
3071,0.0,0.0,0.0
281,0.0,1.0,0.0
52,0.0,1.0,0.0
13,0.5,0.75,8.688970396098834e-09
6465,0.0,0.0,0.0
3697,0.25,0.37777777777777777,6.223283195719836e-07
9143,0.0,0.0,0.0
8033,-0.01666666666666667,0.19444444444444442,-4.639976204587214e-08
580,0.0,1.0,0.0
557,-0.01666666666666667,0.19444444444444442,-3.2173120203598635e-09
7,0.0,1.0,0.0
7399,0.0,0.0,0.0
1759,0.0,0.0,0.0
257,0.0,1.0,0.0
48,0.0,0.1,0.0
1,0.0,0.0,0.0
447,0.0,1.0,0.0
125,0.0,1.0,0.0
17185,0.0,1.0,0.0
23,0.3,1.0,1.2298235022170658e-08
12,0.0,1.0,0.0
181,-0.8,1.0,-2.580847001754075e-07
1658,-0.6,1.0,-1.7730846666746915e-06
43279,-0.8,1.0,-6.171076098835061e-05
277,0.0,1.0,0.0
107,0.0,1.0,0.0
485,0.0,0.0,0.0
381,0.0,1.0,0.0
202,0.5,0.8,1.440141144625202e-07
1388,0.0,0.0,0.0
395,0.4,0.75,2.1120881885901788e-07
1388,0.0,0.0,0.0
1388,0.0,1.0,0.0
7715,0.5,1.0,6.875426318554105e-06
1388,0.0,0.0,0.0
2,0.0,0.0,0.0
1932,0.0,1.0,0.0
419,0.0,0.0,0.0
15,0.0,1.0,0.0
666,0.0,0.0,0.0
31,0.0,1.0,0.0
4179,0.0,0.1,0.0
1544,0.0,1.0,0.0
542,0.0,1.0,0.0
4,0.0,1.0,0.0
185,0.0,1.0,0.0
866,0.0,1.0,0.0
805,0.0,0.0,0.0
4767,0.06818181818181818,0.22727272727272727,1.3166027297585235e-07
2021,0.0,0.0,0.0
2088,0.0,0.0,0.0
3689,0.0,0.0,0.0
87,0.0,1.0,0.0
1105,0.0,0.0,0.0
2787,0.26666666666666666,0.31666666666666665,4.194708142537861e-07
103,0.0,1.0,0.0
422,0.0,0.0,0.0
2146,0.2833333333333334,0.4666666666666666,5.057406554833834e-07
635,0.0,0.0,0.0
64,0.8,0.75,6.844235142773237e-08
50,0.0,0.0,0.0
254,0.0,0.1,0.0
182,0.0,0.0,0.0
120,0.0,0.0,0.0
218,0.0,0.0,0.0
310,0.0,0.1,0.0
3366,0.0,0.0,0.0
195,0.0,0.0,0.0
4862,0.25,0.5125,8.997661859925923e-07
2526,0.2,0.5,3.6484985776280584e-07
709,0.3181818181818182,0.6772727272727272,2.2068154561767856e-07
520,-0.3,0.5,-1.1266147626879987e-07
17001,0.0,0.0,0.0
1441,0.5,0.2125,2.2114328398692232e-07
2169,0.0,1.0,0.0
6792,-0.31666666666666665,0.7777777777777777,-2.416219547168865e-06
1173,0.5,0.2125,1.8001462325930595e-07
20077,-0.04999999999999999,0.8,-1.1599510046403563e-06
1441,0.5,0.2125,2.2114328398692232e-07
1590,0.06628787878787878,0.3181818181818182,4.8438138024156544e-08
633,0.0,0.1,0.0
2295,-0.6,1.0,-1.9889083695145826e-06
2169,0.0,0.0,0.0
293,1.0,0.75,3.1740204371883046e-07
134,-0.033333333333333326,0.5333333333333333,-3.4408291327679044e-09
321,0.03333333333333335,0.7000000000000001,1.0818390477606558e-08
20223,-0.6,1.0,-1.7525792573722614e-05
742,-0.6,1.0,-6.430370414726886e-07
90,-0.6499999999999999,0.8333333333333333,-7.041342266799991e-08
543,-0.25,0.6,-1.1764458002684295e-07
725,0.10000000000000003,0.875,9.162772308720507e-08
10587,0.0,0.0,0.0
3894,-0.19999999999999998,0.6,-6.749289055241641e-07
101,0.0,0.0,0.0
352,-0.6,1.0,-3.050526126662889e-07
101,0.0,0.0,0.0
638,-0.3,0.5,-1.3822696511441217e-07
111,-0.6,1.0,-9.619556819874452e-08
101,0.0,0.0,0.0
1183,-0.3,0.55,-2.819353443626717e-07
1183,-0.2318181818181818,0.7272727272727273,-2.880781880790635e-07
1183,0.0,0.0,0.0
983,-0.3,1.0,-4.2594704297011646e-07
134,-0.033333333333333326,0.5333333333333333,-3.4408291327679044e-09
101,0.0,0.0,0.0
0,-0.6,1.0,-0.0
1292,-0.05555555555555556,0.5777777777777778,-5.99006696869504e-08
101,0.0,0.0,0.0
101,0.0,0.0,0.0
546,-0.04999999999999999,0.75,-2.9573637520559964e-08
546,0.0,0.0,0.0
546,0.0,0.0,0.0
3995,-0.3,0.55,-9.520978028139252e-07
546,0.0,0.0,0.0
546,0.0,0.0,0.0
101,0.0,0.0,0.0
618,-0.25,0.6,-1.33893831411766e-07
654,-0.04999999999999999,0.75,-3.542336801913226e-08
101,0.0,0.0,0.0
101,0.0,0.0,0.0
3170,0.0,0.0,0.0
101,0.0,0.0,0.0
101,0.0,0.0,0.0
5941,-0.05,0.30625,-1.313973144837102e-07
565,-0.6,1.0,-4.896441083990148e-07
153,-0.4,0.8,-7.071674202718517e-08
30,0.10000000000000003,0.95,4.116477017513843e-09
2606,0.0,0.0,0.0
135,-0.04999999999999999,0.75,-7.312163123215375e-09
955,0.0,0.55,0.0
859,0.0,0.0,0.0
54,0.0,0.0,0.0
876,-0.6,1.0,-7.591650247036053e-07
399408,-0.05,0.30625,-8.83372135723106e-06
876,-0.6,1.0,-7.591650247036053e-07
332,0.25,0.5125,6.144022495877019e-08
211,-0.13333333333333333,0.5,-2.03175824724075e-08
1106,-0.3,0.55,-2.635845231319653e-07
210,0.0,0.0,0.0
215,-0.25,0.6,-4.658118730344611e-08
10268,0.0,0.0,0.0
983,-0.25,0.6,-2.1297352148505823e-07
4743,-0.3,0.55,-1.1303629233407877e-06
250,-0.25,0.6,-5.416417128307686e-08
2826,-0.3,0.55,-6.734989714022911e-07
3991,0.0,0.0,0.0
494,0.25,0.5125,9.142009376395323e-08
711,-0.6,1.0,-6.161716125162824e-07
2990,-0.07999999999999999,0.52,-1.7965750082331287e-07
1433,-0.3,0.55,-3.415159327740563e-07
8521,-0.5,0.95,-5.846083444372574e-06
2501,0.06628787878787878,0.3181818181818182,7.619105861535567e-08
3952,-0.3,0.55,-9.418499416071671e-07
4044,0.06628787878787878,0.3181818181818182,1.2319737746521324e-07
569,-0.033333333333333326,0.5333333333333333,-1.4610684899589088e-08
246,-0.6,1.0,-2.1319017817019055e-07
78,0.4000000000000001,0.9,4.055813145676797e-08
280,-0.6,1.0,-2.4265548734818435e-07
307,-0.6,1.0,-2.6605440934247356e-07
21892,-0.19999999999999998,0.6,-3.7944385207331795e-06
14336,-0.6,1.0,-1.2423960952227038e-05
898,-0.6,1.0,-7.782308129952483e-07
564,-0.6,1.0,-4.887774816584857e-07
3507,-0.6,1.0,-3.039259979036009e-06
491,0.26666666666666666,0.5166666666666667,9.771056013033636e-08
9361,-0.19999999999999998,0.6,-1.622498583618824e-06
64062,0.3181818181818182,0.6772727272727272,1.993977598781343e-05
219,-0.033333333333333326,0.5333333333333333,-5.623444627434113e-09
1561,0.0,0.4,0.0
1418,0.5,0.5,4.4116348842630556e-07
2156,0.0,0.0,0.0
743,0.12323232323232323,0.34040404040404043,3.878747232904398e-08
583,-0.2,0.6,-8.706289887250871e-08
829,0.0,0.0,0.0
174,0.05,1.0,1.0826861352070123e-08
0,-0.15555555555555559,0.2888888888888889,-0.0
2356,0.0,0.0,0.0
731,0.05,1.0,4.5485262346915285e-08
647,0.0,0.0,0.0
7276,0.5166666666666667,0.5333333333333333,2.4950840757369386e-06
583,0.1875,0.4375,5.9515653526129e-08
0,0.2,0.3,0.0
1441,0.0,0.0,0.0
2407,0.03409090909090909,0.4772727272727273,4.87376532455016e-08
224,0.4666666666666667,0.6666666666666667,8.672551008963451e-08
430,0.5,0.5,1.3378018337328025e-07
583,0.0,0.0,0.0
1561,0.5,0.5,4.856531773155592e-07
583,0.4666666666666667,0.6666666666666667,2.257186267065041e-07
403496,0.0,0.0,0.0
3047,-0.16666666666666666,0.3333333333333333,-2.1066057815937204e-07
328,0.48522727272727273,0.6772727272727272,1.3414236435790375e-07
507,0.5,0.5,1.57736169698263e-07
18,0.0,0.0,0.0
520,-0.3,0.5,-9.706841212200801e-08
4063,0.13636363636363635,0.45454545454545453,3.134050845929104e-07
2669,0.43333333333333335,0.4166666666666667,5.997120184112022e-07
2083,-0.16666666666666666,0.3333333333333333,-1.4401246613258022e-07
2760,0.0,0.0,0.0
37,0.0,0.0,0.0
157,0.0,0.05,0.0
34,0.0,0.0,0.0
2402,0.125,0.16666666666666666,6.227519388810448e-08
9361,0.0,0.0,0.0
1142,0.225,0.4,1.2790629997307672e-07
290,0.25,0.3333333333333333,3.007461486686145e-08
4629,0.09270833333333334,0.3444444444444444,1.8395367199779595e-07
250,0.25,0.625,4.861198523738381e-08
53918,0.0,0.0,0.0
518,0.13636363636363635,0.45454545454545453,3.9956641353464824e-08
76,0.6000000000000001,0.6916666666666667,3.9250483568309387e-08
1561,0.0,0.0,0.0
290,0.05,0.625,1.1277980575073045e-08
129,0.0,0.0,0.0
124,0.6805555555555557,0.25555555555555554,2.6838232940064845e-08
40,0.06818181818181818,0.2897727272727273,9.834887591827732e-10
624,0.0,0.0,0.0
0,0.15,0.4916666666666667,0.0
2407,0.0,0.0,0.0
1627,0.25,0.3125,1.581833999624469e-07
15,0.15340909090909088,0.4772727272727273,1.3667601138642952e-09
1086,0.0,0.0,0.0
945,0.09999999999999999,0.31666666666666665,3.724066965065499e-08
10103,0.0,0.0,0.0
19,0.0,0.0,0.0
775,-0.2,0.475,-9.162386977542101e-08
257,0.024999999999999984,0.2833333333333333,2.2654481440227173e-09
12,0.0,0.39999999999999997,0.0
27091,-0.25,0.4,-3.3713850676888705e-06
2623,0.25,0.3125,2.550184745553155e-07
830,0.0,0.0,0.0
531,0.0,0.0,0.0
0,0.25,0.3125,0.0
324,0.0,0.35714285714285715,0.0
2407,1.0,0.6000000000000001,1.7972589844436407e-06
0,0.0,0.0,0.0
62,-0.1,0.05,-3.85784714843878e-10
5821,0.0,0.0,0.0
7896,0.0,0.0,0.0
3788,0.0,0.125,0.0
363,0.13636363636363635,0.45454545454545453,2.800050349673307e-08
250,0.0,0.0,0.0
3549,0.1,0.35,1.5458144630429773e-07
36,0.0,0.0,0.0
262,0.0,0.0,0.0
597,-0.21666666666666667,0.5388888888888889,-7.95605295062702e-08
74,-0.4,0.6,-2.0270990218789788e-08
47,0.0,0.0,0.0
1537,0.0,0.0,0.0
205,0.0,0.0,0.0
174,-0.15000000000000002,0.13333333333333333,-3.972018353681784e-09
15,0.30000000000000004,0.375,1.926086486160348e-09
117,0.0,0.0,0.0
1866,0.0,0.5,0.0
79,0.35,0.55,1.7357606067130957e-08
1972,0.14285714285714285,0.26785714285714285,8.61279489956509e-08
10,0.0,0.0,0.0
424,-0.15000000000000002,0.13333333333333333,-9.678941275638373e-09
70,0.0,0.0,0.0
693,0.25999999999999995,0.5977777777777777,1.229357942617862e-07
147,-0.13333333333333333,0.3,-6.711341356220945e-09
16360,0.7,0.6000000000000001,7.84268175626962e-06
576,0.25,0.2833333333333333,4.656849104316574e-08
17,0.0,0.0,0.0
201,0.5,0.6,6.882549043879642e-08
41,0.0,0.06666666666666667,0.0
154,-0.25,0.35,-1.5380157274673e-08
187,0.0,0.0,0.0
467,-0.27142857142857146,0.5785714285714286,-8.370693253077927e-08
83,0.0,0.0,0.0
242,0.0,0.0,0.0
26,0.0,0.0,0.0
641,0.35,0.65,1.664452604803248e-07
554,0.0,0.0,0.0
154,0.0,0.0,0.0
2148,0.0,0.0,0.0
7505,0.11142857142857143,0.2342857142857143,2.2362742853983806e-07
156,0.06818181818181818,0.25,3.0350453721314567e-09
181,0.25,0.25,1.2911913110926775e-08
2470,0.0,0.0,0.0
15424,0.0,0.0,0.0
2148,0.0,0.0,0.0
135,0.0,0.0,0.0
247,0.0,0.0,0.0
638,0.0,0.0,0.0
68,-0.2,0.575,-8.9256274499401e-09
2148,0.0,0.0,0.0
4,0.0,0.0,0.0
292,-0.1240740740740741,0.6777777777777777,-2.802742651339374e-08
182,-0.27142857142857146,0.5785714285714286,-3.262240197131012e-08
68,-0.2,0.2,-3.1045660695443834e-09
384,-0.13181818181818183,0.42727272727272725,-2.468560166916282e-08
174,0.0,0.0,0.0
30,0.0,0.0,0.0
556,0.0,0.0,0.0
557,0.3333333333333333,0.35555555555555557,7.534829197107718e-08
839,-0.3,0.4,-1.1491459995651781e-07
3984,0.0,0.0,0.0
556,-0.033333333333333354,0.5333333333333333,-1.1281952514161293e-08
1574,0.3666666666666667,0.7000000000000001,4.611117628635296e-07
1707,-0.13809523809523808,0.44523809523809527,-1.197944072808398e-07
867,-0.2,0.0,-0.0
896,0.0,0.0,0.0
2151,0.2,0.30000000000000004,1.4730709446154342e-07
151,0.0,0.0,0.0
568,0.14999999999999997,0.5,4.8622983295070104e-08
224,0.0,0.0,0.0
190,0.0,0.0,0.0
6092,0.25,0.25,4.34582180506994e-07
360,0.0,0.0,0.0
665,-0.2,0.45,-6.831186737582033e-08
37104,-0.1240740740740741,0.6777777777777777,-3.5614028539484977e-06
298,0.048888888888888885,0.15444444444444444,2.5682111348208814e-09
75,0.0,0.0,0.0
69,0.0,0.0,0.0
146,0.0,0.0,0.0
138,0.0,0.0,0.0
245,0.0,0.0,0.0
762,0.3333333333333333,0.5,1.449558422176973e-07
136764,0.0,0.0,0.0
5049,0.0,0.0,0.0
114,0.0,0.0,0.0
2774,0.11666666666666665,0.2388888888888889,8.824318999699588e-08
428,0.0,0.0,0.0
3604,-0.1240740740740741,0.6777777777777777,-3.4592755189818853e-07
457,0.03333333333333333,0.3972222222222222,6.9065392569034225e-09
1153,0.0,0.0,0.0
970,0.0,0.0,0.0
5228,0.14285714285714285,0.26785714285714285,2.2833515078563029e-07
2264,-0.25,0.25,-1.6150591869137138e-07
467,-0.13181818181818183,0.42727272727272725,-3.002129161327874e-08
381,0.2,0.2,1.739470106612368e-08
33,-0.4,0.6,-9.039765908379232e-09
355,0.013888888888888895,0.16666666666666666,9.379433505993467e-10
5044,0.0,0.0,0.0
233,0.0,0.0,0.0
584,0.0,0.0,0.0
25,0.0,0.0,0.0
584,0.0,0.0,0.0
138,0.0,0.0,0.0
4232,0.2,0.25,2.4151697805720273e-07
1072,0.0,0.0,0.0
92533,0.0,0.7,0.0
