115,-0.4,0.9,-3.7705032843159126e-06
137,0.21428571428571427,0.6428571428571429,1.7188075087110025e-06
872,-0.5,0.5,-1.9854340965721467e-05
2677,0.018181818181818174,0.2772727272727273,1.2291130171655993e-06
3221,-0.375,0.4583333333333333,-5.0419950885642015e-05
554,0.0,0.0,0.0
248,0.5,0.5,5.646647430618032e-06
1420,0.4375,0.35,1.9803111301532393e-05
2754,0.0,0.0,0.0
109,0.4,0.65,2.581064325543791e-06
164,0.0,0.0,0.0
1206,0.3,0.5625,1.8534892503607297e-05
50,0.5,0.75,1.707655472969163e-06
747,0.0,0.15,0.0
193,0.0,0.0,0.0
112,0.0,0.0,0.0
272,0.0,0.0,0.0
1384,0.0,0.0,0.0
81,0.6311383928571428,0.7678571428571428,3.5751068760467963e-06
2,0.0,0.0,0.0
1012,0.0,0.0,0.0
741,0.2857142857142857,0.5357142857142857,1.032957310587877e-05
692,0.4,0.5,1.2604774264476382e-05
182,0.0,0.0,0.0
165,0.0,0.0,0.0
40,0.0,0.0,0.0
521,0.0,0.0,0.0
28,0.0,0.06666666666666667,0.0
1044,0.4,0.5,1.90164513469846e-05
2831,0.0,0.0,0.0
6291,0.2,0.575,6.588954489342056e-05
1125,0.0,0.0,0.0
411,0.5,0.5,9.357951991871012e-06
265,0.0,0.0,0.0
1,0.625,0.5,2.8460924549486054e-08
36,0.5,0.5,8.196746270251983e-07
765,0.16666666666666666,0.19999999999999998,2.3224114432380613e-06
195,0.0,0.0,0.0
13,0.625,0.5,3.699920191433186e-07
346,0.0,0.0,0.0
456,0.2,0.575,4.775970826800155e-06
482,0.0,0.0,0.0
264,-0.2916666666666667,0.5416666666666666,-3.7985847298714045e-06
1197,-0.14583333333333334,0.2708333333333333,-4.30578212278037e-06
16,0.0,0.0,0.0
137,0.0,0.0,0.0
335,0.0,0.0,0.0
10,0.25,0.3333333333333333,7.589579879862946e-08
478,0.0,0.0,0.0
557,0.0,0.0,0.0
9,0.625,0.5,2.5614832094537445e-07
1,-0.05000000000000002,0.30000000000000004,-1.366124378375331e-09
240,0.0,0.0,0.0
681,-0.14583333333333334,0.2708333333333333,-2.449655493411389e-06
110,0.0,0.0,0.0
109,0.26666666666666666,0.6333333333333333,1.6765887926609239e-06
68050,-0.2,0.4,-0.0004958120743916867
23,0.0,0.0,0.0
13,0.0,0.0,0.0
375,0.13636363636363635,0.45454545454545453,2.116928272275822e-06
487,0.0,0.0,0.0
4250,0.0,0.0,0.0
29,0.0,0.0,0.0
260,0.25,0.3333333333333333,1.9732907687643657e-06
1402,-0.2625,0.3875,-1.2988171379082509e-05
651,0.0,0.0,0.0
23,0.0,0.0,0.0
54,0.0,0.0,0.0
21,0.0,0.75,0.0
3151,0.4,0.8,9.183270221356088e-05
111,0.4,0.5,2.021864079995489e-06
12260,0.5,1.0,0.0005582894959627183
42,0.0,0.1,0.0
1018,0.0,0.0,0.0
305,0.0,0.0,0.0
242,0.0,0.0,0.0
18,0.0,0.0,0.0
3207,0.43333333333333335,0.5555555555555556,7.031492772697024e-05
401,0.0,0.0,0.0
364,0.0,0.0,0.0
3151,0.0,0.0,0.0
668,0.0,0.0,0.0
2831,0.0,0.0,0.0
27,0.0,0.0,0.0
1687,0.0,0.0,0.0
104,0.0,0.0,0.0
3893,0.4000000000000001,0.6333333333333334,8.982055279581165e-05
32,-0.14583333333333334,0.2708333333333333,-1.1510862817792135e-07
183,0.0,0.0,0.0
465,0.14285714285714285,0.26785714285714285,1.6205301937360423e-06
313,-0.39583333333333337,0.5208333333333333,-5.876983274159498e-06
621,-0.14583333333333334,0.2708333333333333,-2.2338268155777862e-06
87,0.0,0.0,0.0
72,0.0,0.0,0.0
12,-0.5,0.5,-2.732248756750661e-07
769,0.0,0.0,0.0
1010,0.0,0.0,0.0
17,0.0,0.0,0.0
291,0.0,0.0,0.0
333,0.0,0.0,0.0
0,0.17045454545454544,0.5,0.0
2248,0.06818181818181818,0.2772727272727273,3.2651279858608896e-06
0,0.17045454545454544,0.5,0.0
831,0.2,0.2,2.553813539515768e-06
0,0.17045454545454544,0.5,0.0
1,0.17045454545454544,0.5,6.547971210195909e-09
5,0.17045454545454544,0.5,3.2739856050979546e-08
5,0.17045454545454544,0.5,3.2739856050979546e-08
47,0.11742424242424242,0.38095238095238093,1.615304813249598e-07
2,0.17045454545454544,0.5,1.3095942420391819e-08
164,0.04999999999999999,0.4,2.5200085468145967e-07
329,-0.1,0.425,-1.0742688873730214e-06
3,0.17045454545454544,0.5,1.964391363058773e-08
1779,0.4,0.8,4.373751419300652e-05
1352,0.0,0.0,0.0
1,0.17045454545454544,0.5,6.547971210195909e-09
244,0.0,0.0,0.0
4,0.17045454545454544,0.5,2.6191884840783637e-08
730,0.0,0.0,0.0
18,0.11742424242424242,0.38095238095238093,6.186273752870801e-08
3,0.17045454545454544,0.5,1.964391363058773e-08
346,0.2,0.4,2.126641359019148e-06
1499,0.7,0.7,5.6432057247585034e-05
1386,-0.1,0.425,-4.5256433978693244e-06
0,0.17045454545454544,0.5,0.0
2105,0.25,0.3333333333333333,1.3477179855296558e-05
7984,-0.1,0.425,-2.606979573491247e-05
1,0.17045454545454544,0.5,6.547971210195909e-09
0,0.17045454545454544,0.5,0.0
1021,0.39999999999999997,0.5583333333333333,1.7518925270522978e-05
1,0.17045454545454544,0.5,6.547971210195909e-09
0,0.17045454545454544,0.5,0.0
1352,0.375,0.875,3.408349974331175e-05
1352,0.0,0.0,0.0
951,0.0,0.0,0.0
784,-0.06477272727272727,0.2772727272727273,-1.0817915141766863e-06
784,-0.25,0.25,-3.764646914448635e-06
745,0.03333333333333333,0.06666666666666667,1.2719555334531671e-07
13813,0.125,0.4,5.764950679498189e-06
926,0.0,1.0,0.0
4404,0.125,0.4,1.8380397301462406e-06
460,0.5333333333333333,0.6,1.2286986751931273e-06
173,0.45,0.6833333333333332,4.4404685987490753e-07
5220,0.125,0.4,2.178602949900858e-06
1853,0.0,0.0,0.0
3613,0.125,0.4,1.5079104325654787e-06
33,0.0,0.0,0.0
569,0.0,0.0,0.0
1742,0.125,0.4,7.270356970741944e-07
9358,0.125,0.4,3.9056257481172846e-06
3272,0.125,0.4,1.365591734114101e-06
252,0.0,0.3125,0.0
11627,0.125,0.4,4.852608524616336e-06
122,0.0,0.1,0.0
2481,0.26,0.9466666666666667,5.097236420908115e-06
28,0.5,0.5,5.842996417358622e-08
85,0.0,0.0,0.0
9379,0.125,0.4,3.914390242743323e-06
7751,0.125,0.4,3.234933230781906e-06
4297,0.125,0.4,1.7933825432421427e-06
29747,0.125,0.4,1.2415115316226209e-05
15180,0.125,0.4,6.335477543964563e-06
249,0.0,0.0,0.0
12802,0.125,0.4,5.3430028667875055e-06
14464,0.125,0.4,6.036650012905365e-06
14464,0.125,0.4,6.036650012905365e-06
11306,0.125,0.4,4.718636963904042e-06
229,0.2,0.45,1.7203450880251603e-07
1745,0.0,0.0,0.0
247,0.0,1.0,0.0
5030,0.125,0.4,2.099305141379562e-06
17405,0.125,0.4,7.26409661743763e-06
15659,0.125,0.4,6.535391492815618e-06
9378,0.125,0.4,3.913972885856368e-06
4046,0.125,0.4,1.6886259646166419e-06
20214,0.125,0.4,8.436452112891941e-06
9125,0.125,0.4,3.8083815934569593e-06
32855,0.125,0.4,1.3712260520879822e-05
22017,0.125,0.4,9.188946580070341e-06
36,0.08333333333333333,0.06666666666666667,1.669427547816749e-09
4223,0.125,0.4,1.7624981336075329e-06
3380,0.125,0.4,1.410666277905153e-06
120,0.0,0.0,0.0
5194,0.125,0.4,2.1677516708400488e-06
5197,0.125,0.4,2.1690037415009114e-06
14716,0.125,0.4,6.1418239484178204e-06
216,0.0,0.0,0.0
235,0.0,0.0,0.0
339670,0.3125,0.45,0.00039871016378923726
98,0.2333333333333333,0.3,5.726136489011448e-08
10,0.0,0.0,0.0
138,0.0,0.0,0.0
55,0.0,0.0,0.0
1693,0.075,0.21666666666666667,2.2964019312436767e-07
337,-0.55,0.9,-1.3924277819452552e-06
137,-0.55,0.9,-5.660611457759643e-07
218,0.0,0.0,0.0
24,-0.2,0.4,-1.6026504459040793e-08
1907,0.0,0.0,0.0
454,0.0,0.0,0.0
1059,-0.1,0.1,-8.83961886568969e-08
454,0.0,0.0,0.0
454,0.0,0.0,0.0
12119,0.0,0.1,0.0
124,0.0,0.0,0.0
332,0.0,0.0,0.0
5,0.0,0.0,0.0
411,-0.04999999999999999,0.75,-1.2865026040362821e-07
1285,0.0,0.0,0.0
32,0.0,1.0,0.0
1881,0.125,0.4,7.850483043608264e-07
3847,0.0,0.0,0.0
170,0.0,0.0,0.0
61808,0.6,1.0,0.0003095519336263729
28,0.0,0.5,0.0
255,-0.5,1.0,-1.0642600617331777e-06
269979,-0.5,1.0,-0.0011267759498300453
21525,0.3125,0.45,2.526639466412498e-05
9759,-0.022222222222222227,0.8555555555555555,-1.5487403022395824e-06
18559,0.3125,0.45,2.1784855682764018e-05
122,-0.5,1.0,-5.091754020841085e-07
64994,0.3125,0.45,7.629101299884501e-05
204033,-0.5,1.0,-0.0008515457771592369
6515,0.07777777777777779,0.4666666666666666,1.9738507526936293e-06
1789,0.09999999999999999,0.9333333333333332,1.3937494120872761e-06
7026,0.2,0.45,5.2782290779322166e-06
1401,0.0,0.0,0.0
104,0.225,0.3666666666666667,7.161844180133855e-08
10,0.0,0.0,0.0
16354,0.125,0.4,6.825454529248779e-06
583,0.0,0.0,0.0
8102,0.125,0.4,3.3814254981028255e-06
15,0.0,0.0,0.0
4561,0.125,0.4,1.9035647613980484e-06
53356,0.125,0.4,2.2268494060327617e-05
3117,0.0,1.0,0.0
856,0.0,0.5,0.0
2,0.0,0.0,0.0
11537,0.0,0.0,0.0
0,0.0,0.0,0.0
75,0.0,0.0,0.0
469,0.5,0.6,9.516131380161044e-07
1595,0.05000000000000002,0.5,2.6969135663391736e-07
770,0.0,0.0,0.0
238,0.0,0.0,0.0
29,0.21666666666666667,0.6166666666666667,2.620637223048772e-08
1103,0.0,0.0,0.0
200,0.45,0.5166666666666667,3.144990114978597e-07
112,0.0,0.0,0.0
335,0.0,0.0,0.0
1,0.0,0.0,0.0
781,0.0,0.0,0.0
6,0.0,0.0,0.0
228,0.0,0.0,0.0
26869,0.375,0.0,0.0
25,0.0,0.0,0.0
8,-0.3068181818181818,0.75,-1.2450840631146934e-08
138,0.0,0.0,0.0
534,0.0,0.0,0.0
66,0.36875,0.6000000000000001,9.87628347397311e-08
47,0.0,0.0,0.0
2649,0.35,0.55,3.4488874662501574e-06
250,0.23484848484848483,0.5606060606060606,2.226137018943374e-07
24,0.0,1.0,0.0
146,0.0,0.0,0.0
305,0.0,0.0,0.0
9,0.0,0.0,0.0
59,0.0,0.0,0.0
7,-0.5,1.0,-2.367196860736578e-08
5,0.0,0.0,0.0
114,0.0,0.0,0.0
107378,0.0,0.0,0.0
0,0.0,0.0,0.0
1518,0.0,0.0,0.0
407,0.0,0.0,0.0
263,0.25,0.8,3.557558710706971e-07
1294,0.0,0.0,0.0
89196,0.13636363636363635,0.5,4.1132043738362296e-05
27,0.0,0.0,0.0
1,0.2,0.2,2.7053678408418034e-10
6,0.0,0.0,0.0
788,0.0,0.0,0.0
510,0.0,0.0,0.0
26,0.25,0.8500000000000001,3.7367893301627417e-08
1760,0.0,0.0,0.0
11,0.0,0.0,0.0
13510,0.0,0.0,0.0
87,0.056249999999999994,0.325,1.0757007520284653e-08
59,0.0,0.0,0.0
23,0.0,0.0,0.0
1688,0.0,1.0,0.0
51,0.0,0.0,0.0
34,0.0,0.0,0.0
5,0.55,0.65,1.208961253876181e-08
2,0.0,0.0,0.0
273,0.0,0.0,0.0
263,0.0,0.0,0.0
79,0.0,0.0,0.0
1315,0.0,0.0,0.0
714,0.1,0.1,4.82908159590262e-08
281,0.0,0.0,0.0
3,0.0,0.0,0.0
4,0.0,0.0,0.0
8067,0.46875,0.525,1.3426999506254514e-05
33,0.0,0.0,0.0
9675,-0.4,0.7,-1.832210370210111e-05
2187,0.0,0.0,0.0
9,0.6,0.8,2.9217972681091475e-08
703,-0.1,0.05,-2.3773419901397347e-08
2,0.0,0.0,0.0
59,0.0,0.0,0.0
61,0.0,0.0,0.0
7,0.0,0.0,0.0
1381,0.0,0.0,0.0
160,0.25,0.2,5.410735681683606e-08
17,0.6,0.8,5.5189503953172783e-08
2396,0.0,0.0,0.0
5794,0.05000000000000002,0.5,9.796813293648385e-07
113,0.2222222222222222,0.5444444444444445,9.246680083173498e-08
516,0.0,0.0,0.0
389,0.0,0.0,0.0
13,0.0,0.0,0.0
5806,0.0625,0.5,1.2271379440568366e-06
1591,0.6,0.8,5.165088281735171e-06
1142,0.0,0.0,0.0
390,0.0,0.0,0.0
0,0.6,0.8,0.0
89,0.0,0.06666666666666667,0.0
232,0.0,0.0,0.0
21,-0.25,0.25,-8.876988227762167e-09
983,0.2857142857142857,0.5357142857142857,1.0176185921737852e-06
10,0.0,0.0,0.0
68455,0.0,0.0,0.0
4769,0.0,0.0,0.0
40,0.8,1.0,2.1642942726734424e-07
1296,0.6,0.8,4.207388066077173e-06
163,0.5,0.6,3.307312185429105e-07
1,0.0,0.0,0.0
170,0.0,0.0,0.0
26,0.0,0.0,0.0
310,0.0,0.0,0.0
148,0.04464285714285714,0.5089285714285714,2.055519531121011e-08
3379,0.10000000000000002,0.3833333333333333,7.918006520480684e-07
50,0.06818181818181818,0.22727272727272727,4.736275796759087e-09
6744,0.0,0.0,0.0
3,0.0,0.0,0.0
574,0.8111111111111112,0.4777777777777778,1.3597819340266188e-06
56,0.0,1.0,0.0
9,0.0,0.0,0.0
43,0.0,0.0,0.0
283,0.0,0.0,0.0
17,0.0,0.0,0.0
714,0.0,0.0,0.0
31887,0.10000000000000002,0.3833333333333333,7.472076765864681e-06
395,0.0,0.0,0.0
109,0.5833333333333334,0.7833333333333333,3.044675251563984e-07
313,-0.25,0.75,-3.5875394650131383e-07
110,-0.16666666666666666,0.16666666666666666,-1.867846840144102e-08
103,0.0,0.0,0.0
2328,0.0,0.0,0.0
248,0.5,0.2,1.5160124171642315e-07
1549,0.0,0.0,0.0
14,0.0,0.0,0.0
656,0.0,0.0,0.0
837,0.0062500000000000056,0.35,1.119243542359531e-08
1269,0.0,0.0,0.0
1396,0.0,0.0,0.0
21,0.03712121212121212,0.6181818181818182,2.945837244896238e-09
4,0.0,0.0,0.0
264,0.20833333333333331,0.3333333333333333,1.1207081040864612e-07
1562,0.2,0.5785714285714286,1.1048901097030698e-06
256,0.0,0.0,0.0
266,0.0,0.0,0.0
354,0.0,0.0,0.0
7993,-0.6,0.9,-2.6384851271018544e-05
5884,0.024999999999999994,0.625,5.62009643560631e-07
77,0.06818181818181818,0.22727272727272727,7.293864727008994e-09
154,0.0,0.0,0.0
215,0.0,0.0,0.0
40,0.10227272727272725,0.3333333333333333,8.33584540229599e-09
434,0.0,0.0,0.0
156,0.0,0.0,0.0
131,0.0,0.0,0.0
289,0.0,0.0,0.0
6405,0.0,0.0,0.0
1018,0.0,0.0,0.0
121,0.0,0.0,0.0
139,0.0,0.0,0.0
289,0.0,0.0,0.0
4,0.0,0.0,0.0
21,0.0,0.0,0.0
234,0.0,0.0,0.0
10,0.0,0.0,0.0
142,0.0,0.0,0.0
41,0.0,0.0,0.0
12,0.0,0.0,0.0
114710,0.0,0.0,0.0
138,0.0,0.0,0.0
10,0.0,0.0,0.0
363,0.0,0.0,0.0
31,0.0,0.0,0.0
224,0.0,0.0,0.0
215,0.6,1.0,7.88570975057201e-07
59,0.0,0.0,0.0
1680,0.0,0.0,0.0
366,0.0,0.0,0.0
110,0.06818181818181818,0.22727272727272727,1.041980675286999e-08
5420,0.0,0.0,0.0
381,0.0,0.0,0.0
592,0.6,0.2,4.34264202078012e-07
13,0.0,0.0,0.0
55,0.0,0.0,0.0
31,0.0,0.0,0.0
698,0.0,0.0,0.0
156,0.5,0.2,9.536207140226617e-08
4192,0.0,0.0,0.0
1072,0.0,0.0,0.0
22,0.0,0.0,0.0
44,0.0,0.0,0.0
165,0.0,0.0,0.0
269,0.0,0.0,0.0
9,0.0,0.0,0.0
73,0.0,0.0,0.0
345,0.0,0.0,0.0
893,0.0,0.0,0.0
135,0.0,0.0,0.0
60,0.0,0.75,0.0
83,0.0,0.0,0.0
505,0.0,0.0,0.0
2100,0.0,0.0,0.0
597,0.0,0.0,0.0
75,0.625,0.75,2.1490851427794358e-07
329,0.0,0.0,0.0
70,0.5,0.5,1.0697668266279859e-07
147,0.0,0.0,0.0
155,0.0,0.0,0.0
57,-0.25,0.3,-2.6132875336197935e-08
50,0.0,0.0,0.0
2026,0.2,0.4,8.453763126971681e-07
2757,0.0,0.0,0.0
26,0.0,0.0,0.0
787,0.5,0.6,1.2314495769237496e-06
388,0.3125,0.5416666666666666,3.4255830785438023e-07
376,0.0,0.0,0.0
129,0.06818181818181818,0.22727272727272727,1.0426204977525e-08
157,0.0,0.0,0.0
357,0.0,0.0,0.0
1949,0.0,0.0,0.0
158,0.3,0.5125,1.2670473887090294e-07
3379,0.10000000000000002,0.3833333333333333,6.755934404191943e-07
178,-0.3,0.5,-1.3926176918197423e-07
365,0.02857142857142858,0.5857142857142856,3.1858937182729416e-08
67,0.0,0.0,0.0
368,0.0,0.0,0.0
14056,0.3,0.47000000000000003,1.0337166415531013e-05
5806,0.0625,0.5,9.463410953540992e-07
764,0.0,0.0,0.0
587,0.7,0.85,1.8216951990015817e-06
66,0.4,0.8,1.1015762416192121e-07
63,0.0,0.0,0.0
307,0.0,0.0,0.0
381,0.0,0.0,0.0
200,0.2,0.9,1.8776867754872932e-07
91,0.43333333333333335,0.8333333333333334,1.7139687155875523e-07
11147,0.03125,0.75,1.362667609788858e-06
409,-0.46875,0.75,-7.499745030999051e-07
349,0.0,0.0,0.0
473,0.0,0.0,0.0
86,0.05,0.35,7.849773880856599e-09
511,0.4,0.8,8.528870597991173e-07
681,0.0,0.0,0.0
70,0.0,0.0,0.0
231,0.0,1.0,0.0
46,-0.5,1.0,-1.1996332176724371e-07
9,0.0,0.0,0.0
152,0.0,0.0,0.0
1150,0.0,0.0,0.0
70574,0.0,0.0,0.0
20817,0.0,0.0,0.0
25,0.0,0.0,0.0
22,0.625,0.5,3.5858601615208724e-08
414,0.3,0.0,0.0
713,0.0,0.0,0.0
893,0.0,0.0,0.0
2024,0.0,0.0,0.0
43,0.0,0.0,0.0
1517,0.0,0.0,0.0
2468,0.3,0.47000000000000003,1.8150346267452005e-06
2758,0.0,0.0,0.0
17,0.0,0.0,0.0
409,-0.1875,0.5,-1.9999320082664136e-07
949,0.0,0.0,0.0
421,0.7,0.85,1.3065309689602486e-06
212,0.0,0.0,0.0
12453,0.0,0.0,0.0
75,-0.3125,0.6875,-8.404359753564544e-08
44,0.65,0.6,8.950306963156098e-08
3107,0.0,0.0,0.0
3957,0.0,0.0,0.0
48,0.0,0.0,0.0
58305,0.0,0.0,0.0
450,0.0,0.0,0.0
31887,0.10000000000000002,0.3833333333333333,6.375450735320168e-06
812,0.0,0.0,0.0
72,0.03125,0.75,8.801656760096686e-09
0,0.0,0.0,0.0
70574,0.0,0.0,0.0
684,0.37142857142857144,0.5222222222222223,6.920020881470472e-07
127,0.0,0.0,0.0
184,0.7,0.85,5.710254116120801e-07
617,0.0,0.0,0.0
288,0.0,0.0,0.0
785,-0.20833333333333334,0.8333333333333333,-7.108333906045162e-07
145,-0.40625,0.79375,-2.4387414584297987e-07
152,0.6000000000000001,0.9,4.2811258481110296e-07
8,-0.15000000000000002,0.7625,-4.77245388769687e-09
33809,0.07500000000000001,0.7374999999999999,9.753854217069124e-06
59,-0.6,0.9,-1.6617527963062548e-07
113,-0.3,0.825,-1.4587279137066906e-07
3634,0.0,0.0,0.0
1845,0.0,0.0,0.0
1747,0.0,0.0,0.0
687,0.0,0.0,0.0
209,0.0,0.0,0.0
1393,0.0,0.0,0.0
743,0.13333333333333333,0.4666666666666666,2.4113207208171384e-07
433,-0.14583333333333331,0.22083333333333333,-7.273274418272695e-08
101,0.0,0.0,0.0
40,0.0,0.0,0.0
31,0.1,0.4,6.4675877822340106e-09
70,0.0,1.0,0.0
11,0.0,0.0,0.0
311,0.0,0.0,0.0
2113,0.0,0.0,0.0
559,0.5,0.5,7.289075746509701e-07
