115,-0.5,0.875,8.295773329620707e-07
139,-0.5,0.875,1.0027065154932855e-06
14134,-0.5,0.875,0.00010195866107900789
663,-0.5,0.875,4.782693667424807e-06
275,-0.5,0.875,1.983771883170169e-06
2193,-0.5,0.875,1.5819679053789746e-05
2390,-0.5,0.875,1.7240781093733466e-05
453,-0.5,0.875,3.2678133202766786e-06
109,-0.5,0.875,7.862950373292669e-07
683,0.0,0.0,-0.0
468,-0.5,0.875,3.3760190593586877e-06
121,-0.5,0.875,8.728596285948743e-07
8065,-0.5,0.875,5.817861904642696e-05
160,0.3,0.75,-5.935857686784505e-07
224,-0.5,0.875,1.6158723702913376e-06
55,0.25,1.0,-2.2671678664801932e-07
1762,-0.1,0.1,2.905272567809528e-07
131,0.0,0.0,-0.0
689,-0.5,0.875,4.970250281833623e-06
8437,-0.5,0.875,6.086212137566079e-05
3293,-0.5,0.875,2.3754766586470426e-05
633,-0.5,0.875,4.566282189260788e-06
7958,-0.5,0.875,5.740675144097529e-05
1965,-0.5,0.875,1.4174951819743208e-05
6800,-0.5,0.875,4.905326838384418e-05
5038,-0.5,0.875,3.634270089967749e-05
5639,-0.5,0.875,4.0678144178896665e-05
237,-0.10000000000000002,0.3666666666666667,1.4328500916154822e-07
4147,-0.5,0.875,2.9915279998206147e-05
404533,-0.5,0.875,0.0029181861498708286
620,0.16,0.5399999999999999,-8.832556237935344e-07
75,0.09444444444444444,0.6444444444444445,-7.526691974240641e-08
72,0.13636363636363635,0.5,-8.09435139106978e-08
1373,0.0,0.0,-0.0
47,0.10606060606060606,0.45,-3.698668899530497e-08
263,0.6,0.65,-1.6912247859263519e-06
721,-0.4,0.4,1.9021126187429464e-06
110,-0.25,0.4,1.8137342931841545e-07
60,0.0,0.0,-0.0
380,0.225,0.2,-2.819532401222641e-07
611,0.8,0.875,-7.05212870177148e-06
7,0.0,0.0,-0.0
13,0.5333333333333333,0.5333333333333333,-6.097078512845319e-08
24,0.0,0.0,-0.0
13155,0.225,0.21666666666666667,-1.057417398234846e-05
103,-0.16666666666666666,0.6333333333333334,1.792665662505753e-07
9414,0.0,0.0,-0.0
1676,0.10606060606060606,0.45,-1.3189295905559814e-06
287,-0.1,0.1125,5.323722362834853e-08
237,0.0,0.5,-0.0
98,0.10606060606060606,0.45,-7.71211813093593e-08
58,-0.2,0.8,1.5301322037044507e-07
34,0.0,0.0,-0.0
22,-0.1,0.1125,4.080902159664348e-09
889,0.05,0.35,-2.565197387837498e-07
288,0.025,0.55,-6.529443455462957e-08
137,0.0,0.0,-0.0
786,0.0,0.0,-0.0
137,-0.15555555555555559,0.2888888888888889,1.01512123156574e-07
358,-0.09999999999999992,0.5833333333333333,3.4433470747874905e-07
2608,0.0,0.0,-0.0
2,0.0,0.0,-0.0
7359,0.2,0.1,-2.4267764842803993e-06
3312,0.0,0.0,-0.0
982,-0.4,0.4,2.5906721104099494e-06
2,0.5,0.6,-9.893096144640842e-09
135,0.5,0.625,-6.956083226700593e-07
1270,0.0,0.0,-0.0
3,0.0,0.0,-0.0
2001,0.13636363636363635,0.45454545454545453,-2.045050143122554e-06
67,0.0,0.0,-0.0
883,0.0,0.375,-0.0
131,0.5,0.5,-5.39998164561646e-07
1719,0.19166666666666665,0.20000000000000004,-1.0865092840851807e-06
3312,0.0,0.0,-0.0
279,1.0,1.0,-4.600289707257992e-06
332,0.0,0.23333333333333336,-0.0
16241,0.0,0.0,-0.0
312,0.0,0.0,-0.0
1405,0.10606060606060606,0.45,-1.1056659157107123e-06
427,-0.4,0.4,1.1264938810031042e-06
485,0.11666666666666665,0.3,-2.798921784254638e-07
184,-0.05,0.2625,3.9819711982179396e-08
22671,0.1875,0.5,-3.5044747296117584e-05
288,0.0,0.0,-0.0
4115,0.13636363636363635,0.45454545454545453,-4.205587875536886e-06
6334,0.10606060606060606,0.45,-4.984546555239609e-06
485,0.0,0.0,-0.0
322,0.0,0.0,-0.0
938,-0.3166666666666667,0.3,1.4692896624149094e-06
52,0.0,0.0,-0.0
926,0.0,0.0,-0.0
1232,0.0,0.0,-0.0
3815,0.0,0.0,-0.0
42,0.0,0.0,-0.0
54,0.0,0.0,-0.0
5241,0.0,0.0,-0.0
1090,0.0,0.0,-0.0
25,-0.9,0.9,3.3389199488162843e-07
88,0.0,0.0,-0.0
1157,0.06818181818181818,0.2897727272727273,-8.906160817606974e-08
792,-0.05,0.1,1.542859124687646e-08
5156,0.06818181818181818,0.2897727272727273,-3.9688993237322e-07
122,0.13636363636363635,0.45454545454545453,-2.9462311108798632e-08
171,0.0,0.0,-0.0
171,0.13636363636363635,0.45454545454545453,-4.1295534422988254e-08
132790,0.13636363636363635,0.45454545454545453,-3.206803518145386e-05
961,0.13636363636363635,0.45454545454545453,-2.3207607357012696e-07
19070,0.13636363636363635,0.45454545454545453,-4.6052973183999185e-06
826,0.0,0.0,-0.0
30794,0.0,0.0,-0.0
6498,-0.4,0.5,5.063383127384e-06
36,0.0,0.0,-0.0
871,0.0,0.0,-0.0
833,0.0,0.0,-0.0
9305,0.0,0.0,-0.0
1205,0.0,0.0,-0.0
418,-0.009595959595959616,0.3717171717171717,5.8090939982457785e-09
102,0.0,0.0,-0.0
102,0.0,0.0,-0.0
102,0.0,0.0,-0.0
380,0.8,0.825,-9.771441123021755e-07
1681,-0.15625,0.34375,3.5177221525064183e-07
261,0.0,0.0,-0.0
14193,0.13636363636363635,0.45454545454545453,-3.4275293571080245e-06
17044,0.0,0.0,-0.0
17044,0.0,0.0,-0.0
972,0.3,0.5,-5.680526777259058e-07
5044,0.06875,0.32708333333333334,-4.419135140744878e-07
1499,0.0,0.0,-0.0
861,0.5,0.5,-8.386374408813527e-07
254,0.0,0.0,-0.0
297,0.0,0.0,-0.0
162015,0.5,0.5,-0.000157807020887796
29,0.0,0.0,-0.0
114,0.3,0.5,-6.662346220242104e-08
801,0.3,0.5,-4.6811748442227416e-07
811800,0.3,0.5,-0.000474429180841451
6001,0.3,0.5,-3.5070824269888485e-06
86360,0.3,0.5,-5.047019470000949e-05
46,0.0,0.06666666666666667,-0.0
17044,0.0,0.06666666666666667,-0.0
17044,0.0,0.06666666666666667,-0.0
17044,0.0,0.06666666666666667,-0.0
197,0.0,0.0,-0.0
158,0.0,0.06666666666666667,-0.0
188,0.0,0.0,-0.0
178,0.0,0.0,-0.0
111614,0.0,0.0,-0.0
136,0.0,0.06666666666666667,-0.0
11377,0.8,0.75,-2.65956185781384e-05
207,0.5,0.5,-2.0162363561259004e-07
6211,0.8,0.75,-1.4519239429446919e-05
6211,0.0,0.0,-0.0
343,0.0,0.0,-0.0
1681,0.0,0.0,-0.0
8341,0.0,0.0,-0.0
3483,0.0,0.0,-0.0
568,0.5,0.5,-5.532474639031456e-07
111614,0.0,0.0,-0.0
93664,-0.16746031746031745,0.5539682539682539,3.3853266168723844e-05
31917,0.4333333333333333,0.7333333333333333,-3.951633647373596e-05
17044,0.0,0.06666666666666667,-0.0
254,0.0,0.0,-0.0
197,0.36818181818181817,0.7022727272727273,-1.9845655791557088e-07
158,0.13636363636363635,0.45454545454545453,-3.815610782942774e-08
188,0.36818181818181817,0.7022727272727273,-1.8939001466054475e-07
178,0.36818181818181817,0.7022727272727273,-1.7931607771051578e-07
136,0.13636363636363635,0.45454545454545453,-3.284323205570995e-08
254,0.0,0.0,-0.0
297,0.0,0.0,-0.0
15722,0.18333333333333335,0.55,-6.176507933836361e-06
421,0.0,0.06666666666666667,-0.0
254,0.0,0.0,-0.0
297,0.0,0.0,-0.0
487,0.0,0.3,-0.0
207,0.0,0.0,-0.0
207,0.2,0.7,-1.1290923594305042e-07
1783,0.0,0.0,-0.0
78,0.0,0.25,-0.0
383,0.0,0.5,-0.0
463,0.0,0.0,-0.0
6498,-0.4,0.5,5.063383127384e-06
8,0.0,0.0,-0.0
4555,0.1693181818181818,0.43636363636363634,-1.3112080811794156e-06
225,0.13333333333333333,0.3,-3.50649801065374e-08
521,0.0,0.0,-0.0
4479,0.5,0.5,-4.36266794158836e-06
86360,0.0,0.0,-0.0
568,0.5,0.5,-5.532474639031456e-07
297,0.0,0.0,-0.0
15173,0.7,0.6000000000000001,-2.4828577347302958e-05
487,0.0,0.3,-0.0
15722,0.18333333333333335,0.55,-6.176507933836361e-06
254,0.10000000000000002,0.3833333333333333,-3.7935113663405834e-08
2248,0.0,0.0,-0.0
197,0.13636363636363635,0.45454545454545453,-4.757438761010927e-08
158,0.36818181818181817,0.7022727272727273,-1.5916820381045783e-07
188,0.36818181818181817,0.7022727272727273,-1.8939001466054475e-07
178,0.13636363636363635,0.45454545454545453,-4.2985994896443916e-08
468,0.13636363636363635,0.45454545454545453,-7.73647460486635e-08
2198,-0.15625,0.2,1.8318886333342636e-07
2527,-0.15625,0.2,2.1060885243110483e-07
347,-0.025,0.8150000000000001,1.8855951408556745e-08
1142,0.0,0.0,-0.0
1905,0.0,0.0,-0.0
1300,0.24318181818181817,0.5022727272727273,-4.2348244208628375e-07
123406,0.0,0.0,-0.0
22,0.0,0.0,-0.0
1235,0.0,0.0,-0.0
954,0.0,0.0,-0.0
954,0.25,0.5,-3.1803853616030706e-07
54,0.2333333333333333,0.7999999999999999,-2.6883257396191987e-08
49,0.13636363636363635,0.45454545454545453,-8.10015503500964e-09
1256,0.0,0.0,-0.0
346,0.13636363636363635,0.45454545454545453,-5.719701310435378e-08
440,0.13636363636363635,0.45454545454545453,-7.273608602865799e-08
521,0.13636363636363635,0.45454545454545453,-8.61261382293882e-08
178,0.13636363636363635,0.45454545454545453,-2.9425052984320733e-08
298,0.13636363636363635,0.45454545454545453,-4.926216735577291e-08
719,0.13636363636363635,0.45454545454545453,-1.1885737694228431e-07
107,0.13636363636363635,0.45454545454545453,-1.7688093647878193e-08
99,0.13636363636363635,0.45454545454545453,-1.6365619356448048e-08
872303,0.13636363636363635,0.45454545454545453,-0.00014419978647967375
17043,0.13636363636363635,0.45454545454545453,-2.817366168605496e-06
809,0.125,0.41666666666666663,-1.1237472735573393e-07
11011,0.0,0.25,-0.0
2264,0.22499999999999998,0.42500000000000004,-5.773899613083914e-07
425,0.0,0.0,-0.0
3313,0.25,0.25,-5.522335798213299e-07
70,0.1,1.0,-1.8668928747355553e-08
211,0.16818181818181818,0.4772727272727273,-4.5169935970228764e-08
391,-0.3,0.32222222222222224,1.0080332526964982e-07
267,0.22499999999999998,0.42500000000000004,-6.809325073734121e-08
415,0.5,1.0,-5.534003878680396e-07
944,0.06944444444444445,0.6444444444444445,-1.1267208848933106e-07
2435,0.16818181818181818,0.4772727272727273,-5.212739056279954e-07
3043,0.16818181818181818,0.4772727272727273,-6.514318253905504e-07
14806,0.16818181818181818,0.4772727272727273,-3.1696022368493222e-06
512,0.1,0.35,-4.779245759323021e-08
102,-0.15625,0.2,8.501030054599404e-09
1017,0.1,0.35,-9.493150268030298e-08
9632,0.5,1.0,-1.284422297818062e-05
3842,-0.3,0.1,3.073972467743144e-07
281,0.125,0.175,-1.639365305627159e-08
10711,0.0,0.0,-0.0
364,-0.8,1.0,7.766274358899911e-07
750,0.0,0.0,-0.0
9,0.06944444444444445,0.6444444444444445,-1.0742042334787917e-09
6951,0.0,0.0,-0.0
4839,0.22499999999999998,0.42500000000000004,-1.2340945330261953e-06
974,0.22499999999999998,0.42500000000000004,-2.484000981953946e-07
18,-0.1,0.0,0.0
439,0.22499999999999998,0.42500000000000004,-1.1195856581907415e-07
3798,0.22499999999999998,0.42500000000000004,-9.686073644210562e-07
5638,0.22499999999999998,0.42500000000000004,-1.4378642234349431e-06
1207,0.22499999999999998,0.42500000000000004,-3.0782229827704445e-07
3505,0.0,0.0,-0.0
315,0.22499999999999998,0.42500000000000004,-8.033473401596436e-08
1198,0.8,0.9,-2.300438740045572e-06
34,0.22499999999999998,0.42500000000000004,-8.671050655691392e-09
1942,0.22499999999999998,0.42500000000000004,-4.952700109809612e-07
7849,-0.25,0.25,1.3083251940892298e-06
5768,0.25,0.25,-9.61449830488811e-07
921,0.25,0.25,-1.5351860157423627e-07
649,0.0,0.75,-0.0
127,0.0,0.0,-0.0
3284,0.06944444444444445,0.6444444444444445,-3.9196518919381697e-07
755,0.0,0.0,-0.0
3,0.24318181818181817,0.5022727272727273,-9.772671740452702e-10
3,0.0,0.0,-0.0
108,0.0,0.0,-0.0
291,0.0,0.0,-0.0
240,0.0,0.0,-0.0
56,-0.4,0.6,3.5844343194922656e-08
771,-0.16666666666666666,0.16666666666666666,5.711803200083782e-08
60,0.0,0.1,-0.0
86,0.0,1.0,-0.0
185,0.3681818181818182,0.6772727272727272,-1.2303226297104287e-07
2484,0.0,0.0,-0.0
2484,0.0,0.0,-0.0
2321,0.0,0.0,-0.0
1193,0.3681818181818182,0.6772727272727272,-7.933918363484008e-07
6878,0.0,0.0,-0.0
130,0.0,0.0,-0.0
77,0.0,0.0,-0.0
3478,0.0,0.0,-0.0
343,0.04999999999999999,0.35000000000000003,-1.6008606400857384e-08
554,0.0,0.0,-0.0
4383,-0.16666666666666666,0.43333333333333335,8.442356278536285e-07
82,0.0,0.0,-0.0
1031,0.0,0.0,-0.0
1193,0.0,0.0,-0.0
404,0.24318181818181817,0.5022727272727273,-1.3160531277142974e-07
884,0.0,0.0,-0.0
41,0.0,0.0,-0.0
202,0.02500000000000001,0.3,-4.040489578891953e-09
15,-0.4,0.6,9.601163355782855e-09
1774,0.24318181818181817,0.5022727272727273,-5.778906555854364e-07
8,0.0,0.0,-0.0
137,0.4,0.35,-4.025766910394365e-08
2275,0.0,0.0,-0.0
720,-0.6125,1.0,9.256325377914051e-07
75,0.09444444444444444,0.6444444444444445,-9.581272384546124e-09
355,0.75,0.65,-3.6324780288327674e-07
571,0.35,0.65,-2.7265755269942853e-07
22880,0.65,0.675,-2.107041903372517e-05
148,0.0,0.0,-0.0
355,0.1,0.74,-5.513915366843585e-08
1,0.0,0.0,-0.0
3313,0.0,0.0,-0.0
6376,0.0,0.0,-0.0
2299,0.0,0.0,-0.0
6285,0.5375,0.45000000000000007,-3.190775784449186e-06
989,0.4583333333333333,0.7129629629629629,-6.783357838830078e-07
2901,1.0,1.0,-6.089024925471351e-06
3760,0.12348484848484849,0.6,-5.847265200593655e-07
215,0.1314814814814815,0.37407407407407406,-2.219528272550485e-08
133,0.6444444444444445,0.5444444444444444,-9.794690530209735e-08
355,-0.128125,0.796875,7.607683852453241e-08
59,0.17777777777777778,0.35555555555555557,-7.827750539347376e-09
6840,0.13636363636363635,0.45454545454545453,-8.898811714304281e-07
865,0.25,0.375,-1.702109152188702e-07
1,0.17777777777777778,0.35555555555555557,-1.3267373795504027e-10
865,0.13636363636363635,0.45454545454545453,-1.1253614229346789e-07
25398,0.5,0.5,-1.3327219498200741e-05
25,0.4,0.8,-1.6791519959934787e-08
1998,0.13636363636363635,0.45454545454545453,-2.599389737599409e-07
288,0.025,0.55,-8.31180238016772e-09
36,0.0,0.0,-0.0
7740,0.0,0.0,-0.0
14,0.1314814814814815,0.37407407407407406,-1.4452742239863623e-09
255,1.0,0.3,-1.605689096168764e-07
159,-0.4,0.4,5.339703347259262e-08
2,0.0,0.0,-0.0
1367,0.0,1.0,-0.0
158,0.5,0.6,-9.94897557626136e-08
389,-0.05624999999999997,0.26666666666666666,1.2247314870777428e-08
0,0.17777777777777778,0.35555555555555557,-0.0
226,0.4666666666666666,0.4666666666666666,-1.0330516224239876e-07
653,0.625,0.7,-5.996409198192337e-07
6285,0.2857142857142857,0.5357142857142857,-2.0191588574271064e-06
883,0.0,0.375,-0.0
1658,0.0,0.0,-0.0
357,0.0,0.0,-0.0
514,0.0,0.0,-0.0
485,0.11666666666666665,0.3,-3.562950641498662e-08
485,-0.25,0.25,6.36241185981904e-08
628,0.0,0.0,-0.0
288,0.0,0.0,-0.0
255,-0.13181818181818183,0.45,3.174885258333693e-08
212,0.13636363636363635,0.5,-3.033922356397308e-08
1906,0.0,0.0,-0.0
485,0.0,0.0,-0.0
9,0.17777777777777778,0.35555555555555557,-1.1940636415953628e-09
322,0.0,0.0,-0.0
354,0.0,0.0,-0.0
1,0.17777777777777778,0.35555555555555557,-1.3267373795504027e-10
911,-0.07142857142857144,0.41190476190476194,5.625837415488101e-08
125,0.0,0.0,-0.0
7501,0.12348484848484849,0.6,-1.166498305043963e-06
565,0.0,0.0,-0.0
123,-0.13999999999999999,0.67,2.421631029821895e-08
157,-0.23888888888888893,0.37222222222222223,2.9302044497368145e-08
43,-0.1,0.3,2.7076325935394838e-09
1189,0.0,0.0,-0.0
191,0.0,0.0,-0.0
277,0.0,0.0,-0.0
58,0.0,0.0,-0.0
149,0.1314814814814815,0.37407407407407406,-1.5381847098140572e-08
16,0.0,0.0,-0.0
44,0.15000000000000002,0.7,-9.697102776862341e-09
343,0.1314814814814815,0.37407407407407406,-3.540921848766588e-08
515,0.0,0.0,-0.0
408,0.4583333333333333,0.7129629629629629,-2.7983923136932983e-07
44,0.0,0.0,-0.0
1097,0.0,0.0,-0.0
528,0.0,0.0,-0.0
44,0.1314814814814815,0.37407407407407406,-4.542290418242854e-09
355,-0.04999999999999996,0.95,3.539337566555001e-08
1692,0.0,0.0,-0.0
39,0.6499999999999999,0.75,-3.9906096654782506e-08
865,0.5,0.44999999999999996,-4.0850619652528834e-07
451,-0.2357142857142857,0.5071428571428571,1.1315995919020003e-07
0,0.2916666666666667,0.5583333333333333,-0.0
162,0.8,0.75,-2.0401696751320769e-07
734,0.25,0.2,-7.703109781620083e-08
115,0.0,0.0,-0.0
366,0.0,0.0,-0.0
272,0.0,0.0,-0.0
1255,0.0,0.0,-0.0
734,0.0,0.0,-0.0
307,0.17777777777777778,0.35555555555555557,-4.073083755219737e-08
1,0.17777777777777778,0.35555555555555557,-1.3267373795504027e-10
316,-0.25,0.25,4.1454064901089e-08
637,0.5,0.6,-4.0110743304294216e-07
334,0.2,0.4,-5.60836766661822e-08
299,0.0,0.0,-0.0
871829,0.0,0.0,-0.0
136,0.1314814814814815,0.37407407407407406,-1.4039806747296091e-08
4317,0.0,0.0,-0.0
623,0.0,0.0,-0.0
486,0.0,0.0,-0.0
100,0.5,0.9,-8.403177886097278e-08
402,0.0,0.0,-0.0
522,0.0,0.0,-0.0
23,0.06818181818181818,0.22727272727272727,-6.655409482790541e-10
121,0.0,0.0,-0.0
1531,-0.15,0.35,1.5009476234217418e-07
5989,0.005965909090909091,0.584375,-3.899003418502965e-08
1293,0.0,0.0,-0.0
187,0.0,0.0,-0.0
325,0.0,0.0,-0.0
723,0.278125,0.30833333333333335,-1.1577901409234927e-07
269,0.0,0.0,-0.0
672,0.0,0.0,-0.0
63,0.0,0.0,-0.0
2173,1.0,1.0,-4.057801232553196e-06
468,0.20833333333333331,0.16666666666666666,-3.034480903312905e-08
790,0.0,0.0,-0.0
1081,-0.09999999999999999,0.7,1.4130410458688463e-07
851,0.06818181818181818,0.5625,-6.094691233865438e-08
251,0.0,0.0,-0.0
160,0.0,0.1,-0.0
505,0.0,0.0,-0.0
402,0.0,0.0,-0.0
243651,0.0,0.0,-0.0
274,0.0,0.0,-0.0
111,0.0,0.0,-0.0
424,0.0,0.0,-0.0
590,0.0,0.1,-0.0
70,0.0,0.15,-0.0
57,0.0,0.0,-0.0
685,0.0,0.0,-0.0
1025,0.0,0.0,-0.0
535,0.14727272727272728,0.36190476190476184,-5.32477734309686e-08
1965,0.0,0.0,-0.0
2805,0.0,0.0,-0.0
12460,0.0,0.0,-0.0
172,0.0,0.0,-0.0
43,1.850371707708594e-17,0.5055555555555555,-7.511512004145501e-25
427,0.0,0.0,-0.0
17,0.0,0.0,-0.0
343,0.0,0.0,-0.0
304,0.0,0.0,-0.0
246,0.0,0.0,-0.0
682,0.35000000000000003,0.9,-4.01167712282284e-07
11519,0.5,0.9,-9.679620606995453e-06
337,0.0,0.0,-0.0
775,0.0,0.0,-0.0
40,0.0,0.0,-0.0
39,0.2,0.2,-2.9131016671803894e-09
405,0.0,0.0,-0.0
4551,0.0,0.0,-0.0
922,0.3,0.25,-1.2912883351636147e-07
798,0.425,0.5666666666666667,-3.588810537865789e-07
1621,-1.0,1.0,3.0270114118585966e-06
24,-0.6999999999999998,0.6666666666666666,2.091457607206433e-08
17,0.06818181818181818,0.22727272727272727,-4.91921570467127e-10
883,0.0,0.0,-0.0
6647,0.19999999999999998,0.3,-7.447456454518477e-07
110,0.0,0.0,-0.0
170,0.13636363636363635,0.5,-2.1644549100553585e-08
32982,0.0,0.0,-0.0
951,0.0,0.0,-0.0
787,0.0,0.0,-0.0
223,0.0,0.0,-0.0
4808,0.0,0.0,-0.0
352,0.0,0.0,-0.0
65,0.016666666666666673,0.16666666666666666,-3.3716454481254514e-10
70,0.0,0.0,-0.0
1700,0.0,0.0,-0.0
2168,0.0,0.0,-0.0
1302,0.19999999999999998,0.3,-1.4587916810264867e-07
1642,0.06818181818181818,0.22727272727272727,-4.7513836394530733e-08
179,0.08712121212121211,0.21666666666666667,-6.309574686332945e-09
12,0.20357142857142857,0.5357142857142857,-2.4437813240180853e-09
65,0.2714285714285714,0.3904761904761904,-1.2864547611868041e-08
204,0.0,0.0,-0.0
408,0.425,0.5666666666666667,-1.8348805757509294e-07
190338,0.0,0.0,-0.0
6,0.0,0.0,-0.0
415,0.425,0.5666666666666667,-1.8663613699427347e-07
8109,0.06818181818181818,0.5625,-5.807503080542284e-07
422,0.425,0.5666666666666667,-1.8978421641345398e-07
249,0.0,0.0,-0.0
174,0.0,0.0,-0.0
2030,0.0,0.0,-0.0
8,0.19999999999999998,0.3,-8.963389745170428e-10
607,0.06818181818181818,0.5625,-4.347212196188391e-08
60,0.0,0.0,-0.0
1065,0.0,0.0,-0.0
233,0.0,0.0,-0.0
90,0.65,0.6000000000000001,-6.554478751155876e-08
156,0.0,0.0,-0.0
522,0.0,0.0,-0.0
2951,0.28125,0.7,-1.0849027849569464e-06
10813,0.0,0.0,-0.0
66,0.13636363636363635,0.5,-8.403177886097276e-09
2799,0.0,0.0,-0.0
1268,0.0,0.0,-0.0
81060,0.0,0.0,-0.0
3109,0.0,0.0,-0.0
327,0.13636363636363635,0.45454545454545453,-3.0299061532471455e-08
201,0.0,0.0,-0.0
81060,0.0,0.0,-0.0
81060,0.0,0.0,-0.0
701,0.03125,0.25,-8.186788666685021e-09
530,0.0,0.0,-0.0
107391,0.13636363636363635,0.45454545454545453,-9.950600969521842e-06
151,0.0,0.0,-0.0
0,0.0,0.0,-0.0
96,0.25,0.4,-1.4350821560089235e-08
355,0.05,0.35,-9.28692488979733e-09
1461,0.0,0.0,-0.0
4407,0.0,0.0,-0.0
1429,0.0,0.0,-0.0
7638,0.0,0.0,-0.0
155,0.0,0.0,-0.0
15393,0.0,0.0,-0.0
904,0.0,0.125,-0.0
18,0.0,0.0,-0.0
989,0.0,0.0,-0.0
1244,0.43125,0.75,-6.014732028475681e-07
99,0.0,0.0,-0.0
2747,0.0,0.0,-0.0
40,0.0,0.0,-0.0
69,0.0,0.0,-0.0
21,0.0,0.0,-0.0
2217,0.0,0.0,-0.0
659761,0.0,0.0,-0.0
574,0.0,0.0,-0.0
25,0.0,0.0,-0.0
278,0.0,0.0,-0.0
31,0.15,0.6499999999999999,-4.518266475559344e-09
0,0.5,0.5,-0.0
578,0.03125,0.25,-6.750305063258119e-09
106,0.25,0.5,-1.980712350741483e-08
4232,0.13636363636363635,0.5,-4.313400343913184e-07
2211,0.8,0.4,-1.057655548978577e-06
2191,0.0,0.0,-0.0
83,0.0,0.0,-0.0
89,0.375,1.0,-4.989152807999773e-08
180,0.0,0.0,-0.0
22,0.0,0.0,-0.0
79716,0.0,0.0,-0.0
6118,0.0,0.0,-0.0
577,0.0,0.25,-0.0
7476,0.0,0.0,-0.0
7476,0.0,0.0,-0.0
277,0.0,0.0,-0.0
603,0.0,0.2625,-0.0
603,0.0,0.0,-0.0
578,0.1,0.3,-2.5921171442911175e-08
353,0.0,0.125,-0.0
594,0.03125,0.25,-6.937164718988448e-09
963,0.43125,0.75,-4.6560988291174287e-07
217,0.0,0.0,-0.0
3,0.05,0.35,-7.848105540673799e-11
379,0.0,0.0,-0.0
119,0.03125,0.25,-1.3897686894943189e-09
14,0.0,0.5,-0.0
574,0.0,0.0,-0.0
4921,0.0,0.0,-0.0
1334,0.0,0.0,-0.0
1940,0.03125,0.25,-2.2656733257302338e-08
11526,0.0,0.0,-0.0
2941,0.0,0.0,-0.0
3471,0.0,0.0,-0.0
285,0.41363636363636364,0.7727272727272727,-1.361743601871458e-07
7,-0.2,0.1,2.0928281441796807e-10
1534,0.05,0.35,-4.0129979664645365e-08
1084,0.0,0.0,-0.0
31,0.05,0.35,-8.109709058696259e-10
28679,0.0,0.0,-0.0
189,0.0,0.0,-0.0
894,-0.4375,0.9,5.262154765021783e-07
28679,0.0,0.0,-0.0
22087,0.0,0.0,-0.0
1084,1.0,0.3,-4.861340803480228e-07
11960,0.25,0.3333333333333333,-1.4898943216898198e-06
159,0.05,0.35,-4.1594959365571135e-09
54,0.05,0.35,-1.412658997321284e-09
1314,0.05,0.35,-3.437470226815124e-08
13,0.05,0.35,-3.4008457342919796e-10
195,0.0,0.3,-0.0
23,0.05,0.35,-6.016880914516579e-10
346,0.05,0.35,-9.051481723577115e-09
116,0.05,0.35,-3.0346008090605353e-09
35,0.0,0.125,-0.0
427,0.0,0.0,-0.0
1378,0.0,0.0,-0.0
1046,0.05,0.35,-2.7363727985149314e-08
351,0.0,0.125,-0.0
17,0.0,0.125,-0.0
28679,1.0,0.3,-1.2861475360056224e-05
10,0.0,0.0,-0.0
222,0.0,0.0,-0.0
186,0.78,1.0,-2.1687679082684857e-07
186,0.0,0.0,-0.0
