1584,0.15,0.45,1.389461143910303e-05
1528,0.0,0.0,0.0
730,0.15,0.45,6.403450978879553e-06
235,0.0,0.0,0.0
595,0.0,0.0,0.0
118,0.2857142857142857,0.5357142857142857,2.347116502058792e-06
558,0.0,0.0,0.0
3744,0.15,0.45,3.2841808856061705e-05
353,0.0,0.0,0.0
45,0.15,0.45,3.9473327951997243e-07
409,0.15,0.45,3.5876869183037496e-06
56,0.15,0.45,4.912236367359657e-07
746,0.15,0.45,6.5438005893755425e-06
21247,0.2857142857142857,0.5357142857142857,0.000422620206095281
1364,0.0,0.0,0.0
499,0.15,0.45,4.377153477343694e-06
787,0.0,0.0,0.0
1409,0.0,0.0,0.0
18,0.15,0.45,1.5789331180798898e-07
476,0.4,0.5416666666666666,1.3402521446746718e-05
1777,0.15,0.45,1.5587578615710912e-05
323,0.0,0.0,0.0
9,0.0,0.0,0.0
1325,0.15,0.45,1.1622702119199188e-05
304,0.15,0.45,2.666642599423814e-06
111,0.15,0.45,9.736754228159319e-07
321,0.15,0.45,2.8157640605758035e-06
549,0.0,0.0,0.0
5688,0.0,0.0,0.0
758,0.0,0.0,0.0
1117,0.15,0.45,9.798157182751315e-06
1033,0.0,0.0,0.0
353,0.15,0.45,3.096463281567784e-06
290,0.5,1.0,1.8843234742517202e-05
585,0.0,0.0,0.0
234,0.15,0.45,2.0526130535038566e-06
1980,0.2857142857142857,0.5357142857142857,3.938381927183397e-05
552,0.2857142857142857,0.5357142857142857,1.0979731433359775e-05
680,0.15,0.45,5.9648584460795835e-06
364,0.15,0.45,3.192953638783777e-06
217,0.15,0.45,1.903491592351867e-06
446,0.2857142857142857,0.5357142857142857,8.871304745069673e-06
987,0.5,0.5,3.20659873980422e-05
716,0.0,0.0,0.0
903,0.15,0.45,7.920981142367447e-06
588,0.0,0.0,0.0
959,0.15,0.45,8.412204779103414e-06
495,0.15,0.45,4.342066074719697e-06
16,0.15,0.45,1.403496104959902e-07
141,0.15,0.45,1.2368309424959136e-06
195,0.2857142857142857,0.5357142857142857,3.878709473741225e-06
646,0.0,0.0,0.0
1467,0.0,0.0,0.0
1059,0.15,0.45,9.289389844703352e-06
277,0.0,0.0,0.0
209,0.0,0.0,0.0
378,0.15,0.45,3.3157595479677686e-06
0,0.15,0.45,0.0
24785,0.0,0.0,0.0
590,0.15,0.45,5.175391887039639e-06
60,0.15,0.45,5.263110393599632e-07
1410,0.2857142857142857,0.5357142857142857,2.8046053117821162e-05
144,0.15,0.45,1.2631464944639118e-06
541,0.0,0.0,0.0
566,0.0,0.0,0.0
476,0.0,0.0,0.0
694,0.15,0.45,6.087664355263574e-06
629,0.15,0.45,5.5174940626236136e-06
224,0.15,0.45,1.9648945469438627e-06
134,0.0,0.0,0.0
421,0.2857142857142857,0.5357142857142857,8.374034299718234e-06
156,0.0,0.0,0.0
531,0.0,0.0,0.0
805,0.15,0.45,7.061339778079506e-06
242,0.0,0.0,0.0
415,0.0,0.0,0.0
222,0.15,0.45,1.9473508456318638e-06
510,0.15,0.45,4.473643834559687e-06
722,0.0,0.0,0.0
428,0.0,0.0,0.0
470,0.0,0.0,0.0
232,0.15,0.45,2.0350693521918576e-06
22628,-0.4,0.4,-0.0004704934794523358
85,0.15,0.45,7.456073057599479e-07
104,0.5,1.0,6.757573838695824e-06
120,0.15,0.45,1.0526220787199265e-06
54,0.15,0.45,4.736799354239669e-07
1065,-0.5833333333333334,0.6166666666666667,-4.978566719542369e-05
248,0.2857142857142857,0.5357142857142857,4.932922817886276e-06
1162,0.2857142857142857,0.5357142857142857,2.3113130299934888e-05
238,0.0,0.0,0.0
122,0.15,0.45,1.0701657800319252e-06
185,0.15,0.45,1.6227923713598868e-06
61,0.15,0.45,5.350828900159626e-07
521,0.15,0.45,4.570134191775681e-06
174,0.0,0.0,0.0
447,0.15,0.45,3.9210172432317256e-06
561,0.0,0.0,0.0
284,0.15,0.45,2.4912055863038257e-06
1237,0.2857142857142857,0.5357142857142857,2.4604941635989204e-05
107,0.0,0.0,0.0
306,-0.3333333333333333,0.7777777777777777,-7.3277562140749134e-06
185,0.0,0.0,0.0
652,0.0,0.0,0.0
400,0.0,0.0,0.0
220,0.0,0.0,0.0
43,0.0,0.0,0.0
142,0.0,0.0,0.0
934,0.25,0.5025,1.0837728348948058e-05
3,0.0,0.0,0.0
582,0.0,0.0,0.0
1,0.0,0.0,0.0
0,0.0,0.0,0.0
39,0.0,0.0,0.0
154,0.0,0.0,0.0
1400,0.0,0.1125,0.0
0,0.0,0.0,0.0
0,0.0,0.0,0.0
101,-1.0,1.0,-9.329034171700419e-06
1369,0.0,0.0,0.0
303,0.0,0.0,0.0
108,0.0,0.0,0.0
757,0.0,0.0,0.0
142,0.35,0.55,2.5248430602319895e-06
0,0.0,0.0,0.0
667,0.0,0.0,0.0
462,0.0,0.0,0.0
679,0.0,0.0,0.0
0,0.0,0.0,0.0
1,0.0,0.0,0.0
1215,0.0,0.0,0.0
183,0.0,0.0,0.0
598,0.0,0.0,0.0
2434,-0.024999999999999994,0.31666666666666665,-1.7798288543913256e-06
0,0.0,0.0,0.0
142,-0.2,0.8,-2.098570855257758e-06
57,0.0,0.0,0.0
938,0.0,0.0,0.0
38,0.0,0.0,0.0
472,0.5,1.0,2.1798535292290085e-05
3125,0.0,0.0,0.0
626,0.0,0.0,0.0
3038,0.0,0.0,0.0
384,0.0,0.0,0.0
646,0.0,0.0,0.0
1000,0.0,0.0,0.0
133,0.0,0.0,0.0
145,0.0,0.0,0.0
343,0.0,0.0,0.0
497,0.0,0.0,0.0
1246,0.0,0.0,0.0
646,0.0,0.0,0.0
47,0.0,0.0,0.0
683,0.5,0.5,1.5771609750671746e-05
46,0.0,0.0,0.0
497,0.8,0.75,2.7543742475258067e-05
838,0.0,0.0,0.0
258,0.06818181818181818,0.2772727272727273,4.505165487507809e-07
1,0.0,0.0,0.0
432,0.0,0.0,0.0
468,0.0,0.0,0.0
112,1.0,1.0,1.0345067596341058e-05
1090,-0.15000000000000002,0.55,-8.30607324643723e-06
1126,0.0,0.0,0.0
0,0.0,0.0,0.0
56,0.0,0.0,0.0
842,0.0,0.0,0.0
934,0.0,0.0,0.0
3,0.0,0.0,0.0
646,0.0,0.0,0.0
136,0.0,0.0,0.0
397,1.0,1.0,3.6669569962030356e-05
2275,0.0,0.0,0.0
569,0.0,0.0,0.0
852,0.0,0.0,0.0
11,0.0,0.0,0.0
2007,-0.1875,0.3666666666666667,-1.2744869270336022e-05
5,0.0,0.0,0.0
306,0.0,0.0,0.0
934,0.0,0.5,0.0
0,0.0,0.0,0.0
2,0.0,0.0,0.0
269,0.0,0.0,0.0
1126,-0.05,0.4,-2.0800975202642918e-06
1,0.0,0.0,0.0
136,0.0,0.0,0.0
28,0.0,0.0,0.0
1126,0.0,0.0,0.0
1,0.0,0.0,0.0
651,0.0,0.0,0.0
2593,0.0,0.0,0.0
149,0.0,0.0,0.0
9,0.0,0.0,0.0
31,0.0,0.0,0.0
672,0.2833333333333333,0.4444444444444444,7.816273295013242e-06
1,0.0,0.0,0.0
17,0.0,0.0,0.0
183,0.0,0.0,0.0
2369,0.06818181818181818,0.2772727272727273,4.136719782909302e-06
0,0.0,0.0,0.0
5,0.25,0.75,4.838660693705539e-08
537,0.13636363636363635,0.45454545454545453,1.7179244909222308e-06
93,0.0,0.0,0.0
91519,0.5785714285714286,0.7119047619047619,0.0019455573602959924
36,0.0,0.0,0.0
25,0.0,0.0,0.0
70,0.0,0.0,0.0
183,0.0,0.0,0.0
632,0.0,0.06666666666666667,0.0
3901,-0.10833333333333334,0.5066666666666667,-1.1051323248445373e-05
15872,-0.10833333333333334,0.5066666666666667,-4.496452258377979e-05
51,-0.10833333333333334,0.5066666666666667,-1.4448025779818354e-07
118,-0.10833333333333334,0.5066666666666667,-3.34287655297758e-07
305,-0.10833333333333334,0.5066666666666667,-8.640486005577643e-07
102,-0.10833333333333334,0.5066666666666667,-2.889605155963671e-07
314,-0.10833333333333334,0.5066666666666667,-8.895451166397968e-07
1035,-0.10833333333333334,0.5066666666666667,-2.932099349433725e-06
209,-0.10833333333333334,0.5066666666666667,-5.920857623494188e-07
502,-0.10833333333333334,0.5066666666666667,-1.42213900813114e-06
1267,-0.10833333333333334,0.5066666666666667,-3.5893428751038927e-06
26606,0.06666666666666667,0.43333333333333335,3.9670193384710736e-05
205,0.0,0.0,0.0
9,0.0,0.0,0.0
411,0.2,0.6,4.469713210666703e-07
618,0.4166666666666667,0.6666666666666666,1.5557598698927765e-06
9,0.0,0.0,0.0
106,0.2,0.6,1.1527727501962787e-07
652345,0.2,0.6,0.0007094391884215014
253,0.4166666666666667,0.6666666666666666,6.369049305548097e-07
18781,0.26666666666666666,0.5533333333333335,2.5114866202364973e-05
312,0.4166666666666667,0.6666666666666666,7.854321673245086e-07
2374,0.2,0.6,2.5817759518546843e-06
576,0.1,0.3,1.5660309059270199e-07
63,0.225,0.35,4.4962215463139055e-08
493819,0.2,0.6,0.0005370387610652606
461,0.4166666666666667,0.6666666666666666,1.1605263754378155e-06
198,0.0,0.0,0.0
542,0.12499999999999999,0.6749999999999999,4.1444763233029525e-07
128,0.2,0.6,1.392027471935129e-07
124,-0.05,0.4625,-2.598723161311187e-08
1364,0.2,0.6,1.4833792747808719e-06
113,-0.05,0.4625,-2.3681912679690655e-08
262,0.0,0.0,0.0
277,-0.05000000000000002,0.4,-5.02072408497436e-08
2987,0.39999999999999997,0.3333333333333333,3.6093628981512407e-06
1394,0.4,1.0,5.053349728847839e-06
142,0.4166666666666667,0.6666666666666666,3.5747233256435966e-07
533,0.4166666666666667,0.6666666666666666,1.3417799525127022e-06
596,0.4166666666666667,0.6666666666666666,1.500376832453228e-06
68,0.2,0.6,7.395145944655373e-08
380,0.4166666666666667,0.6666666666666666,9.566161012285682e-07
3491,-0.41666666666666663,0.7833333333333333,-1.0326230265873666e-05
1531,0.4166666666666667,0.6666666666666666,3.854155923634046e-06
901,0.4166666666666667,0.6666666666666666,2.268187124228789e-06
2016,0.08750000000000002,0.725,1.1590259986053625e-06
49,-0.05,0.4625,-1.0269147976149044e-08
405,0.4166666666666667,0.6666666666666666,1.019551371046237e-06
7513,0.5277777777777778,0.6722222222222222,2.4156496360893275e-05
445,0.4166666666666667,0.6666666666666666,1.1202478027545076e-06
1800,0.15000000000000002,0.5,1.2234616452554847e-06
973,0.4166666666666667,0.6666666666666666,2.449440701303676e-06
344,0.1,0.37142857142857144,1.1579514238269896e-07
2434,-0.024999999999999994,0.31666666666666665,-1.7463026927927504e-07
169,0.1,0.37142857142857144,5.688772983336083e-08
3075,-0.15,0.75,-3.1351204659671785e-06
535,0.4166666666666667,0.6666666666666666,1.3468147740981154e-06
139,0.31666666666666665,0.46666666666666673,1.8615749329907935e-07
292,0.4166666666666667,0.6666666666666666,7.350839514703734e-07
4404,0.54,0.48,1.0345200164553892e-05
5627,-0.19999999999999998,0.7749999999999999,-7.904332556052995e-06
10,0.2583333333333333,0.525,1.2291258195390746e-08
30,-0.05,0.4625,-6.2872334547851285e-09
1280,0.20000000000000004,0.425,9.860194592873832e-07
956,0.4166666666666667,0.6666666666666666,2.4066447178276607e-06
573,0.2,0.6,6.2314979798346e-07
1053,0.24499999999999997,0.5149999999999999,1.2040881301028634e-06
961,-0.19999999999999998,0.7749999999999999,-1.3499313286594862e-06
485,0.4166666666666667,0.6666666666666666,1.2209442344627777e-06
137,0.6,0.44999999999999996,3.352284908000027e-07
1508,0.5,0.5,3.416629927861612e-06
1165,0.2,0.6,1.2669625037534571e-06
701,0.4166666666666667,0.6666666666666666,1.7647049656874377e-06
8663,0.1,0.55,4.318049280049293e-06
583,0.4166666666666667,0.6666666666666666,1.46765049214804e-06
11216,0.25,0.35,8.894113027064685e-06
3957,0.4166666666666667,0.6666666666666666,9.961394506740642e-06
518,0.4166666666666667,0.6666666666666666,1.304018790622101e-06
2762,-0.3125,0.725,-5.671112897087604e-06
258,0.6,0.44999999999999996,6.313062089518298e-07
610,0.4166666666666667,0.6666666666666666,1.5356205835511224e-06
126,0.4166666666666667,0.6666666666666666,3.171937598810515e-07
186,0.4166666666666667,0.6666666666666666,4.68238407443457e-07
100418,-0.19999999999999998,0.7749999999999999,-0.00014105869319597117
616,0.2,0.6,6.699132208687808e-07
611,0.4166666666666667,0.6666666666666666,1.5381379943438294e-06
557,0.4166666666666667,0.6666666666666666,1.4021978115376642e-06
818,0.4166666666666667,0.6666666666666666,2.0592420284341282e-06
237,-0.15,0.75,-2.4163367493795814e-07
32,-0.25,0.7333333333333334,-5.3167715941966734e-08
982,0.0,0.0,0.0
2229,0.2,0.6,2.4240853397995327e-06
1784,0.0,0.0,0.0
2543,0.1,0.55,1.2675515778789508e-06
145,0.4166666666666667,0.6666666666666666,3.650245649424799e-07
247,0.2,0.6,2.686178012249819e-07
21308,0.25,0.3333333333333333,1.6092296751298682e-05
48756,0.5,0.5,0.00011046499254828963
717,0.4166666666666667,0.6666666666666666,1.8049835383707456e-06
3315,-0.3333333333333333,0.8333333333333334,-8.345216777822903e-06
706,0.25,0.4,6.398251270743497e-07
237,0.4166666666666667,0.6666666666666666,5.966263578715018e-07
65,0.1322916666666667,0.7916666666666666,6.169426496595181e-08
23572,0.1,0.55,1.1749400626725375e-05
154,0.2,0.6,1.674783052171952e-07
22,0.0,0.0,0.0
44781,0.5277777777777778,0.6722222222222222,0.00014398403614230824
17480,0.2,0.6,1.9009875163614104e-05
123,0.4166666666666667,0.6666666666666666,3.0964152750293126e-07
76,-0.05,0.4625,-1.592765808545566e-08
1220,-0.41875,0.65,-3.0094324386143124e-06
91,-0.5,1.0,-4.1235188784536696e-07
34,-0.05,0.4625,-7.12553124875648e-09
1010,0.2,0.4,7.32264451382542e-07
10,0.0,0.0,0.0
6,0.0,0.0,0.0
530,0.24285714285714285,0.3678571428571429,4.1240530584623847e-07
510,-0.6,0.95,-2.5319978440634786e-06
510,-0.6,0.95,-2.5319978440634786e-06
510,-0.6,0.95,-2.5319978440634786e-06
6,0.35,0.5,9.145503048732894e-09
510,-0.6,0.95,-2.5319978440634786e-06
132,0.0,0.1,0.0
292,-0.3625,0.875,-8.067095814236475e-07
3,-0.3,0.975,-7.643027547869633e-09
26,0.0,0.0,0.0
284,0.0,0.0,0.0
6,0.6000000000000001,0.9,2.8220409407518657e-08
428,0.0,0.0,0.0
213,0.0,0.5,0.0
395,0.0,0.0,0.0
1605,-0.3625,0.875,-4.43413999378409e-06
30,-0.5,0.9,-1.1758503919799436e-07
864,-0.36666666666666664,0.6,-1.6555973519077602e-06
435,0.24285714285714285,0.3678571428571429,3.384836000813467e-07
8,0.675,0.9,4.2330614111277974e-08
3484,0.0,0.0,0.0
4,0.34285714285714286,0.6678571428571429,7.97765163901132e-09
663,-0.19999999999999998,0.5,-5.774731925057056e-07
129,-0.75,0.75,-6.320195856892199e-07
724,-0.19999999999999998,0.5,-6.30604210217392e-07
26,-0.04999999999999999,0.725,-8.209177736600717e-09
247,-0.3,0.475,-3.06570327197882e-07
420,-0.19999999999999998,0.5,-3.658201219493158e-07
238,-0.05,0.6000000000000001,-6.21894207313837e-08
4512,-0.6,0.95,-2.2400733867479246e-05
4512,-0.3,0.475,-5.6001834668698115e-06
1164,-0.6999999999999998,0.6666666666666666,-4.73127357721115e-06
350,0.0,0.0,0.0
27,-0.19444444444444448,0.2888888888888889,-1.3210171070391964e-08
124,-0.175,0.9,-1.7010635670643185e-07
191,0.0,0.0,0.0
170,-0.6,0.95,-8.439992813544928e-07
79,0.0,0.0,0.0
2410,0.0,0.0,0.0
113,0.0,0.0,0.0
43,-0.6,0.95,-2.1348217116613642e-07
1286,-0.6,0.95,-6.384606328363987e-06
1213,-0.6,0.95,-6.022183107547057e-06
202,0.5,0.6,5.278261759554414e-07
328,0.0,0.0,0.0
83,-0.2,0.4,-5.7834419279606137e-08
294,-0.6510416666666665,0.6666666666666666,-1.1114326621724002e-06
843,0.0,0.0,0.0
1312,0.12857142857142856,0.6952380952380953,1.021480699703139e-06
4512,-0.6,0.95,-2.2400733867479246e-05
534,0.0,0.0,0.0
450,0.0,0.0,0.0
193,0.0,0.0,0.0
170,0.0,0.0,0.0
91,0.0,0.0,0.0
132,0.0,0.0,0.0
61,0.0,0.0,0.0
1051,0.0,0.0,0.0
847,0.0,0.0,0.0
2839,0.4,0.5,4.945539648638608e-06
1222,-0.125,0.425,-5.654425009951701e-07
1842,0.0,0.0,0.0
4512,0.0,0.0,0.0
1125,0.0,0.0,0.0
1039,0.0,0.0,0.0
100,0.07142857142857142,0.20952380952380953,1.3035378495116533e-08
527,0.0,0.0,0.0
5089,-0.6,0.95,-2.5265366722429495e-05
4512,-0.6,0.95,-2.2400733867479246e-05
864,0.78125,0.6,3.527551175939831e-06
864,-0.5,1.0,-3.7627212543358196e-06
864,0.0,0.0,0.0
66,0.125,0.4,2.8743009581731956e-08
48,-0.875,0.975,-3.5667461890058295e-07
303,-0.3,0.85,-6.729783743431879e-07
13,0.0,0.0,0.0
321,0.0,0.0,0.0
759,0.20000000000000004,0.25555555555555554,3.378900459719157e-07
1039,0.5,0.6,2.7149079050381366e-06
221,0.0,0.0,0.0
18,0.0,0.0,0.0
429,0.0,0.0,0.0
1,0.05,0.6,2.613000871066541e-10
349,0.0,0.0,0.0
1470,-0.40833333333333327,0.7888888888888888,-4.1244525138109655e-06
656,0.8,0.7,3.1997066666500155e-06
468,-0.44999999999999996,0.6333333333333333,-1.1617401872761842e-06
350,0.7,0.6000000000000001,1.2803704268226055e-06
63,0.0,0.0,0.0
482,0.0,0.0,0.0
92,-0.6,0.95,-4.5675255226243146e-07
197,0.10000000000000002,0.6916666666666668,1.1868104789669176e-07
102,0.0,0.0,0.0
46,0.0,0.0,0.0
887,0.7,0.6000000000000001,3.2448244816904314e-06
581,0.0,0.0,0.0
41,0.0,0.0,0.0
102,0.0,0.0,0.0
629,0.0,0.0,0.0
747,0.0,0.0,0.0
4,0.0,0.0,0.0
8732,0.5,0.9,3.088311313157534e-05
899,0.0,0.0,0.0
1534,0.5,0.9,5.425411766357829e-06
21,0.0,0.1,0.0
64,0.0,0.0,0.0
128,0.4666666666666666,0.6333333333333333,2.9733355838999363e-07
98,0.8,0.75,4.621385076949737e-07
14469,0.16666666666666666,0.16666666666666666,3.1588634107325086e-06
537,0.0,0.0,0.0
104,0.0,0.0,0.0
294,0.0,0.0,0.0
10,0.0,0.0,0.0
34,0.16666666666666666,0.6666666666666666,2.9691438514038367e-08
1445,0.2333333333333333,0.4527777777777777,1.1998434017850044e-06
321,0.6,1.0,1.5137393976539445e-06
9310,0.016666666666666677,0.2833333333333333,3.4553411570712174e-07
28,0.625,0.6,8.252473351695959e-08
13,0.3,0.65,1.99238285205231e-08
6567,0.0,0.0,0.0
1,0.4666666666666666,0.6333333333333333,2.3229184249218252e-09
254,0.5,0.9,8.983406705703315e-07
1875,0.5,0.9,6.6314518004699665e-06
350,0.5,0.9,1.2378710027543937e-06
18212,0.5,0.9,6.44117334347515e-05
285,0.5,0.9,1.007980673671435e-06
1384,0.5,0.9,4.894895622320232e-06
65,0.0,0.0,0.0
78792,0.5,0.9,0.00027866952014006914
39,1.0,1.0,3.065204387772785e-07
12,0.6000000000000001,0.95,5.375896926247654e-08
100,0.3,0.65,1.5326021938863924e-07
81,0.0,0.0,0.0
96,0.0,0.0,0.0
0,-0.2,0.05,-0.0
679,0.184375,0.7291666666666666,7.174529838157373e-07
100,0.3,0.65,1.5326021938863924e-07
9547,0.0,0.0,0.0
39,0.5,0.49444444444444446,7.577866403104941e-08
755,0.0,0.0,0.0
6,0.0,0.0,0.0
70,0.0,0.0,0.0
29,0.5,0.49444444444444446,5.6348237356421355e-08
1171,0.0,0.0,0.0
9085,0.0,0.0,0.0
107,0.3,0.65,1.63988434745844e-07
426,0.3,0.65,6.528885345956031e-07
194,0.0,0.0,0.0
786,0.06666666666666667,0.10000000000000002,4.118377177417793e-08
67,0.0,0.5,0.0
1974,0.0,0.0,0.0
2892,0.184375,0.7291666666666666,3.055779129889709e-06
461,0.4666666666666666,0.6333333333333333,1.0708653938889614e-06
620,0.0,0.0,0.0
151,0.08,0.31999999999999995,3.038167713172942e-08
276,0.0,0.0,0.0
654,0.05,0.55,1.413530792669065e-07
788,0.3125,0.3333333333333333,6.45133829477819e-07
900,0.0,0.0,0.0
50,0.0,0.0,0.0
1441,-0.55,0.75,-4.671784110633309e-06
26,0.0,0.0,0.0
26,0.2142857142857143,0.6071428571428571,2.658595642455987e-08
1441,0.0,1.0,0.0
613,0.35,0.65,1.0960660023277515e-06
2707,0.0,0.0,0.0
212,0.5,0.6,4.998641001598695e-07
24,0.0,0.0,0.0
29,0.0,0.0,0.0
598,0.5625,0.55,1.4540563314497148e-06
1953,0.0,0.0,0.0
737,0.0,0.0,0.0
204,0.0,0.0,0.0
110,0.13636363636363635,0.45454545454545453,5.3587489296727e-08
337,0.184375,0.7291666666666666,3.5608491243873853e-07
673,0.75,0.8,3.1736654661093605e-06
1355,0.0,0.0,0.0
13753,0.0,0.0,0.0
234,0.05,0.15,1.3793419744977529e-08
914,0.0,0.0,0.0
80,0.0,0.0,0.0
88,0.0,0.0,0.0
181,0.3125,0.3333333333333333,1.481842933191437e-07
39,0.4666666666666666,0.6333333333333333,9.059381857195119e-08
53,0.0,0.0,0.0
1200,0.0,0.0,0.0
289,0.4,0.4,3.6342320741182974e-07
12,0.0,0.0,0.0
