571,-0.1,0.4,6.511982009326236e-07
1164,-0.08333333333333333,0.26666666666666666,7.374924167012779e-07
247,0.0,0.0,-0.0
43,0.1,1.0,-1.2259861050833103e-07
134,0.8,0.7,-2.139488309894223e-06
110900,0.3,0.4000000000000001,-0.00037942844387089985
64,-0.125,0.6666666666666666,1.5206029210335628e-07
28642,0.0,0.0,-0.0
415,0.0,0.0,-0.0
64,0.390625,0.3333333333333333,-2.375942064114942e-07
35707,-0.16666666666666666,0.43333333333333335,7.35260615122386e-05
457,0.0,0.0,-0.0
1055,1.0,0.4,-1.2031770612678067e-05
2711,0.0,0.0,-0.0
1159,-0.08333333333333333,0.3666666666666667,1.0096961791800467e-06
72,0.0,0.0,-0.0
6456,0.24444444444444446,0.5444444444444444,-2.449708201373081e-05
11380,-0.16666666666666666,0.43333333333333335,2.3433124597677632e-05
813,0.0,0.0,-0.0
2282,0.0,0.0,-0.0
54,0.0,0.0,-0.0
247,0.0,0.0,-0.0
328,0.0,0.0,-0.0
36001,0.0,0.0,-0.0
500,-0.4,0.6,3.4213565723255164e-06
110900,0.3,0.5,-0.0004742855548386247
247,0.0,0.3,-0.0
719,-0.08333333333333333,0.3666666666666667,6.263775261695026e-07
788,0.0,0.0,-0.0
42,0.0,0.0,-0.0
83,-0.1,0.1,2.366438295858483e-08
945,0.5,0.6,-8.082954902119031e-06
32,0.08,0.26999999999999996,-1.9707013856594973e-08
137,0.0,0.0,-0.0
7993,0.0,0.0,-0.0
261,0.0,0.0,-0.0
2870,0.0,0.0,-0.0
371,0.0,0.0,-0.0
361,0.1,0.4,-4.117032408698372e-07
2224,0.0,0.0,-0.0
114,0.8,0.7,-1.8201616964771749e-06
5,0.0,0.0,-0.0
98,0.0,0.0,-0.0
20487,0.0,0.0,-0.0
263,0.8,0.7,-4.199144966434184e-06
784,0.0,0.0,-0.0
192,0.0,0.0,-0.0
276,-0.1,0.1,7.869120116348689e-08
371,0.0,0.0,-0.0
317,0.0,0.0,-0.0
259,0.0,0.0,-0.0
299,0.0,0.0,-0.0
6,0.0,0.0,-0.0
386,0.0,0.0,-0.0
681,0.0,0.0,-0.0
386,0.0,0.0,-0.0
281,0.0,0.0,-0.0
386,0.0,0.0,-0.0
1071,0.0,0.0,-0.0
960,0.0,0.0,-0.0
70,0.0,0.0,-0.0
922,0.0,0.0,-0.0
142,0.0,0.0,-0.0
106604,0.24444444444444446,0.5444444444444444,-0.0004045054106244981
1319,0.0,0.0,-0.0
286,0.2857142857142857,0.5357142857142857,-1.2480969128636447e-06
1647,0.0,0.0,-0.0
137,-0.1,0.1,3.906048753404966e-08
34,0.8,0.7,-5.428552428089819e-07
58,0.0,0.0,-0.0
140,0.0,0.0,-0.0
1164,-0.08333333333333333,0.3666666666666667,1.0140520729642572e-06
355,-0.16666666666666666,0.43333333333333335,7.309981750593637e-07
93,0.0,0.0,-0.0
1032,0.0,0.0,-0.0
559,0.3181818181818182,0.7272727272727273,-3.688090431820867e-06
179,0.0,0.0,-0.0
469,0.0,0.0,-0.0
405,-0.225,0.75,1.302175483746407e-06
26555,-0.5,0.9,0.0002276824360222936
23790,0.375,0.0,-0.0
85,0.0,0.0,-0.0
416,0.16666666666666666,0.6777777777777777,-8.953650039946163e-07
2811,0.25,0.375,-5.021145795351372e-06
766,0.125,1.0,-1.8243555931408281e-06
636,0.16666666666666666,0.6777777777777777,-1.3688753426456156e-06
198,0.0,0.0,-0.0
630,-0.1,0.1,1.2003592936592396e-07
360,0.4333333333333333,0.7333333333333333,-2.1797000507082056e-06
85,0.0,0.0,-0.0
763,0.16666666666666666,0.6777777777777777,-1.6422199472305105e-06
792,0.0,0.0,-0.0
1874,0.16666666666666666,0.6777777777777777,-4.0334471574180566e-06
2813,0.0,0.0,-0.0
4,0.0,0.0,-0.0
11,0.0,0.0,-0.0
1238,0.16666666666666666,0.6777777777777777,-2.6645718147724406e-06
32,0.0,0.0,-0.0
111,0.16666666666666666,0.6777777777777777,-2.3890748904664045e-07
85,0.0,0.0,-0.0
1,0.0,0.0,-0.0
1173,0.16666666666666666,0.6777777777777777,-2.5246710328982815e-06
1542,0.16666666666666666,0.6777777777777777,-3.318877009999275e-06
1400,0.16666666666666666,0.6777777777777777,-3.0132476095972667e-06
218,0.0,0.0,-0.0
218,0.16666666666666666,0.6777777777777777,-4.692056992087173e-07
218,0.0,0.0,-0.0
3899,0.16666666666666666,0.6777777777777777,-8.39189459272839e-06
49,0.16666666666666666,0.6777777777777777,-1.0546366633590435e-07
93164,0.0,0.0,-0.0
1566,0.16666666666666666,0.6777777777777777,-3.3705326833066575e-06
10631,0.2,0.2,-8.102234698978652e-06
3347,0.16666666666666666,0.6777777777777777,-7.20381410665861e-06
375,0.16666666666666666,0.6777777777777777,-8.071198954278393e-07
896,0.16666666666666666,0.6777777777777777,-1.9284784701422506e-06
73,-0.5,0.5,3.4772312871874786e-07
534,0.16666666666666666,0.6777777777777777,-1.1493387310892433e-06
85,0.0,0.0,-0.0
367,0.16666666666666666,0.6777777777777777,-7.899013376587121e-07
527,0.0,0.0,-0.0
245,0.16666666666666666,0.6777777777777777,-5.273183316795217e-07
1478,0.16666666666666666,0.6777777777777777,-3.1811285478462573e-06
4163,0.16666666666666666,0.6777777777777777,-8.960106999109585e-06
1313,0.16666666666666666,0.6777777777777777,-2.825995793858008e-06
374,0.0,0.0,-0.0
3786,0.16666666666666666,0.6777777777777777,-8.148682464239466e-06
604,0.0,0.0,-0.0
1062,0.0,0.0,-0.0
0,-0.050000000000000044,0.8,0.0
1046,0.16666666666666666,0.6777777777777777,-2.2513264283133866e-06
96,-0.6666666666666666,1.0,1.2194126157808143e-06
96,0.0,0.0,-0.0
1096,0.16666666666666666,0.6777777777777777,-2.358942414370432e-06
96,0.0,0.0,-0.0
1283,0.0,0.0,-0.0
1402,0.0,0.0,-0.0
85,0.0,0.0,-0.0
1256,-0.3333333333333333,0.6666666666666666,5.317993907710774e-06
102,0.375,0.0,-0.0
405,0.6,0.8,-3.7039658204342235e-06
6958,0.0,0.0,-0.0
2443,0.16,0.5399999999999999,-4.021683777475915e-06
1081,0.8,0.7,-1.1534119079516779e-05
1509,0.0,0.3,-0.0
6958,0.5,1.0,-6.628650766096022e-05
6958,0.5,1.0,-6.628650766096022e-05
255,0.0,0.0,-0.0
6958,0.5,1.0,-6.628650766096022e-05
2625,0.0,0.0,-0.0
6958,0.5,1.0,-6.628650766096022e-05
232,0.0,0.0,-0.0
232,0.0,0.06666666666666667,-0.0
232,0.0,0.0,-0.0
232,0.15,0.6499999999999999,-4.3098614639003164e-07
68,0.0,0.0,-0.0
232,0.0,0.0,-0.0
232,0.0,0.0,-0.0
232,0.0,0.0,-0.0
849,0.0,0.0,-0.0
68,-0.75,1.0,9.717194282003365e-07
232,0.0,0.0,-0.0
232,-0.4666666666666666,0.8000000000000002,1.6502717400233693e-06
68,0.0,0.0,-0.0
232,0.0,0.0,-0.0
721,-0.225,0.75,2.318193885879406e-06
2625,0.0,0.0,-0.0
68,0.0,0.0,-0.0
68,0.2,1.0,-2.591251808534231e-07
3774,0.0,1.0,-0.0
1447,0.0,1.0,-0.0
1464,0.0,0.0,-0.0
16975,0.0,1.0,-0.0
7366,0.0,1.0,-0.0
1804,0.0,1.0,-0.0
977,0.0,1.0,-0.0
12566,0.0,0.5,-0.0
187,0.0,1.0,-0.0
396,0.0,1.0,-0.0
932,0.0,1.0,-0.0
853,0.0,1.0,-0.0
875,0.0,1.0,-0.0
115,0.0,1.0,-0.0
1424,0.0,1.0,-0.0
188,0.0,1.0,-0.0
472,0.0,0.0,-0.0
320,-0.15555555555555559,0.2888888888888889,1.1129110280523803e-07
879,0.0,1.0,-0.0
430,0.0,1.0,-0.0
127,0.0,1.0,-0.0
444,0.0,1.0,-0.0
187,0.0,0.5,-0.0
316,0.0,1.0,-0.0
1529,0.0,1.0,-0.0
39,0.0,0.5,-0.0
2199,0.0,1.0,-0.0
618,0.0,0.5,-0.0
2844,0.0,1.0,-0.0
32,0.0,1.0,-0.0
2112,0.0,1.0,-0.0
12566,0.0,0.5,-0.0
919,0.0,1.0,-0.0
896,0.04545454545454545,0.19999999999999998,-6.303901627429564e-08
38,0.04545454545454545,0.19999999999999998,-2.6735297080616455e-09
603,0.0,1.0,-0.0
4619,0.0,1.0,-0.0
24591,0.0,1.0,-0.0
369,0.0,1.0,-0.0
8314,0.0,1.0,-0.0
1757,0.0,1.0,-0.0
104,0.0,1.0,-0.0
1999,0.0,1.0,-0.0
367,0.0,1.0,-0.0
465,0.0,1.0,-0.0
91,0.0,1.0,-0.0
14320,0.0,1.0,-0.0
39,0.0,1.0,-0.0
593,0.0,1.0,-0.0
858,0.0,1.0,-0.0
482,0.0,1.0,-0.0
1644,0.0,1.0,-0.0
406,0.0,1.0,-0.0
2068,0.0,1.0,-0.0
2996,0.0,1.0,-0.0
1681,0.0,1.0,-0.0
901685,0.0,1.0,-0.0
18840,0.0,0.0,-0.0
8,0.09999999999999999,0.03333333333333333,-2.0637773185037264e-10
779,0.5750000000000001,0.5083333333333334,-1.7621707743386782e-06
1971,0.5625,0.5,-4.290157717141126e-06
423,0.0,0.0,-0.0
815,0.0,0.0,-0.0
572,0.06666666666666667,0.08333333333333334,-2.459334637883608e-08
29,-0.09375,0.25,5.260213673139382e-09
1511,0.0,0.0,-0.0
10061,0.25,0.35,-6.81307711923103e-06
2,0.0,0.5,-0.0
427,0.8,0.75,-1.982774058752456e-06
1826,0.0,0.0,-0.0
1271,-0.09375,0.25,2.3054246822621222e-07
1472,0.8,0.75,-6.835230478884344e-06
215,0.0,0.0,-0.0
379,0.0,0.0,-0.0
1253,0.8,0.75,-5.8183042051916325e-06
98,-0.1,0.18333333333333332,1.3904699683418858e-08
5106,0.8,0.75,-2.3709705723630067e-05
0,0.0,0.0,-0.0
1548,0.7666666666666666,0.75,-6.888630717000627e-06
1924,0.2,0.2,-5.956061341201756e-07
1546,1.0,0.3,-3.5894247012076065e-06
138,0.0,0.0,-0.0
757,-0.09375,0.25,1.3730971553677627e-07
728,-0.09375,0.25,1.3204950186363687e-07
900,0.0,0.0,-0.0
574,0.0,0.0,-0.0
304,0.0,0.0,-0.0
748,0.0,0.0,-0.0
304,1.0,1.0,-2.3527061430942484e-06
25,0.0,0.0,-0.0
746,0.0,0.0,-0.0
356,0.0,0.0,-0.0
12242,0.0,0.0,-0.0
356,0.5,0.5,-6.887856800506188e-07
572,0.13636363636363635,0.45454545454545453,-2.7438857530106365e-07
188,-0.1875,0.5,1.364027821448557e-07
49,0.0,0.0,-0.0
26,0.14,0.635,-1.7888305852460677e-08
124,0.0,0.0,-0.0
1087,0.0,0.0,-0.0
1389,0.0,0.0,-0.0
2368,0.0,0.0,-0.0
131,0.0,0.0,-0.0
115,0.65,0.45,-2.3563936616903394e-07
474,0.0,0.0,-0.0
5330,0.0,0.0,-0.0
63,0.0,0.0,-0.0
407,0.0,0.0,-0.0
2295,0.25,0.3,-1.2057800342428826e-06
447,0.0,0.0,-0.0
634,0.0,0.0,-0.0
1164,-0.08333333333333333,0.26666666666666666,1.8120267374920878e-07
660,0.0,0.0,-0.0
1164,0.0,0.0,-0.0
1387,0.0,0.0,-0.0
134,0.8,0.7,-5.256745607528593e-07
1103,0.0,0.25,-0.0
1164,0.0,0.0,-0.0
5807,0.0,0.0,-0.0
663,0.2,0.2,-1.857794423129775e-07
327,0.1,0.9,-2.061647431097635e-07
2464,-0.8749999999999998,0.6666666666666666,1.0068890840291084e-05
1516,0.17045454545454544,0.45454545454545453,-8.228283422064719e-07
137,0.0,0.0,-0.0
64,0.390625,0.3333333333333333,-5.8377150048069836e-08
87,0.0,0.0,-0.0
867,0.25,0.3,-4.55516901825089e-07
196,0.0,0.0,-0.0
173,0.0,0.0,-0.0
7,-0.6,0.8,2.3537666899381762e-08
422,0.0,0.0,-0.0
920,0.13636363636363635,0.5,-4.3942072945274387e-07
78,0.0,0.0,-0.0
100,0.0,0.0,-0.0
13,0.0,0.0,-0.0
556,0.0,0.0,-0.0
261,0.0,0.0,-0.0
4248,0.0,0.0,-0.0
708,0.0,0.0,-0.0
474,-0.5,0.5,8.301230736835532e-07
215,0.0,0.0,-0.0
898,0.0,0.0,-0.0
548,0.0,0.0,-0.0
675,0.0,0.0,-0.0
2375,0.25,0.3,-1.2478115822774929e-06
641,0.0,0.0,-0.0
2464,-0.4374999999999999,0.4208333333333333,3.1779936714668735e-06
1577,0.0,0.0,-0.0
390,-0.05,0.45,6.147113900061755e-08
374,0.0,0.0,-0.0
3255,0.0,0.0,-0.0
2420,0.375,0.1,-6.357271640234807e-07
476,0.0,0.0,-0.0
491,0.0,0.0,-0.0
244,0.0,0.0,-0.0
2204,0.0,0.0,-0.0
399,0.0,0.0,-0.0
4933,0.5255208333333333,0.5333333333333333,-9.685541717260425e-06
392,0.0,0.0,-0.0
1086,0.0,0.0,-0.0
1362,0.5,0.5,-2.3852903509641338e-06
11728,0.35,0.65,-1.8690868990350732e-05
166,0.0,0.0,-0.0
392,0.0,0.0,-0.0
270,0.0,0.0,-0.0
507,0.0,0.0,-0.0
395,0.0,0.0,-0.0
85917,0.45,0.6000000000000001,-0.00016250510306203259
360,0.7,0.9,-1.588792515708269e-06
246,0.3,0.1,-5.169880408257065e-08
474,0.55,0.7875,-1.438188225156756e-06
7,0.1,0.2,-9.807361208075735e-10
1912,0.5,0.5,-3.348513326757286e-06
153,0.0,0.0,-0.0
17,0.0,0.1,-0.0
398,0.0,0.0,-0.0
16,0.6,0.8,-5.3800381484301164e-08
532,0.25,0.3,-2.795097944301584e-07
762,0.0,0.0,-0.0
346,0.0,0.0,-0.0
833,-0.05545454545454546,0.6909090909090909,2.2357703556677906e-07
177,0.0,0.0,-0.0
83,0.0,0.0,-0.0
631,0.0,0.0,-0.0
4,0.2,0.5,-2.8021032023073523e-09
324,0.0,0.0,-0.0
2555,0.0,0.0,-0.0
456,0.07020202020202021,0.5108585858585858,-1.1456165648458212e-07
3468,0.25,0.3,-1.822067607300356e-06
418,0.0,0.0,-0.0
132,0.1,1.0,-9.246940567614264e-08
15,-0.1,0.2,2.101577401730515e-09
8707,0.0,0.0,-0.0
493,0.0,0.0,-0.0
1269,0.3333333333333333,0.3666666666666667,-1.086515516694676e-06
1794,0.25,0.3,-9.425574646761355e-07
22,0.0,0.0,-0.0
524,0.0,0.0,-0.0
1815,0.0,0.0,-0.0
1461,-0.17272727272727273,0.2909090909090909,5.142716217709078e-07
324,0.2,0.30000000000000004,-1.1611502914261232e-07
759,0.0,0.3333333333333333,-0.0
264,0.25,0.25,-9.855442288339007e-08
19,0.0,0.0,-0.0
792,0.0,0.1,-0.0
907,0.0,0.3333333333333333,-0.0
1306,0.0,0.0,-0.0
413,0.5,0.15,-1.8501353023109137e-07
378,-0.04999999999999999,0.7,7.902272816650002e-08
85,-0.3,0.1,1.523113808197847e-08
504,0.3125,0.75,-7.055600729151789e-07
192,0.0,0.0,-0.0
66,0.0,0.0,-0.0
43,0.0,0.0,-0.0
142,0.0,0.0,-0.0
177,0.0,0.3333333333333333,-0.0
315,0.0,0.3333333333333333,-0.0
1379,0.0,0.3333333333333333,-0.0
984,0.0,0.3333333333333333,-0.0
117,-0.05,0.35,1.2229707930529768e-08
197,0.3125,0.75,-2.7578439357994096e-07
2471,0.0,0.3333333333333333,-0.0
863,0.0,0.3333333333333333,-0.0
212,-0.04999999999999999,0.45,2.849118770628913e-08
818,0.0,0.3333333333333333,-0.0
279,0.25,0.25,-1.0415410600176451e-07
3040,0.0,0.3333333333333333,-0.0
748,0.0,0.3333333333333333,-0.0
5080,0.0,0.3333333333333333,-0.0
1187,0.0,0.3333333333333333,-0.0
9496,0.5416666666666667,0.8333333333333334,-2.5602580799892128e-05
527,0.3181818181818182,0.6272727272727273,-6.282529765880541e-07
792,0.0,0.0,-0.0
1349,0.0,1.0,-0.0
447,-0.05,0.08333333333333334,1.112470379517055e-08
111,0.0,0.3333333333333333,-0.0
821,0.25,0.25,-3.0648932267902747e-07
655,0.0,0.3333333333333333,-0.0
20,0.0,0.0,-0.0
441,0.3125,0.75,-6.173650638007817e-07
513,0.0,0.0,-0.0
1245,0.0,0.1,-0.0
57,0.0,0.3333333333333333,-0.0
874,0.0,0.3333333333333333,-0.0
524,0.0,0.3333333333333333,-0.0
791,0.0,0.3333333333333333,-0.0
50,0.0,0.0,-0.0
502,0.0,0.3333333333333333,-0.0
126,0.25,0.25,-4.7037338194345266e-08
6421,-0.05,0.35,6.71170552324202e-07
977,0.0,0.3333333333333333,-0.0
381,0.0,0.3333333333333333,-0.0
608,0.0,0.3333333333333333,-0.0
693,0.0,0.3333333333333333,-0.0
240,0.0,0.0,-0.0
108,0.3125,0.75,-1.5119144419610977e-07
194,0.0,0.3333333333333333,-0.0
58,0.0,0.3333333333333333,-0.0
623,0.0,0.3333333333333333,-0.0
1473,0.0,0.3333333333333333,-0.0
62,0.3125,0.75,-8.679508833480377e-08
20,0.0,0.1,-0.0
257,0.3181818181818182,0.6272727272727273,-3.0637763753914587e-07
126558,0.016666666666666666,0.3333333333333333,-4.1996130138976695e-06
144276,0.0,0.3333333333333333,-0.0
10,0.0,0.0,-0.0
814,0.0,0.0,-0.0
177,-0.04999999999999999,0.45,2.37874538868546e-08
364,0.0,0.0,-0.0
23,0.0,1.0,-0.0
373,-0.45833333333333337,0.6,6.126799955917417e-07
1102,0.0,0.1,-0.0
4352,0.0,0.0,-0.0
89,0.0,0.0,-0.0
309,0.3125,0.75,-4.3257552089442516e-07
35,-0.45833333333333337,0.6,5.749008001531088e-08
238,-0.45833333333333337,0.6,3.90932544104114e-07
20,1.0,0.3,-3.583797195759639e-08
1490,0.0,0.1,-0.0
29,0.0,0.0,-0.0
161,0.5,0.5,-2.404130618822091e-07
29,0.0,0.0,-0.0
282,0.0,0.0,-0.0
237,0.5,0.15,-1.061699919243793e-07
271,0.25,0.3,-1.214011300063578e-07
354,0.5,0.5,-5.286100863745468e-07
3287,0.0,0.0,-0.0
1497,0.0,1.0,-0.0
5243,0.0,0.0,-0.0
247,0.0,0.1,-0.0
556,0.0,1.0,-0.0
389,0.6,0.8,-1.1152776873203997e-06
443,0.0,0.0,-0.0
63,0.0,0.1,-0.0
127,0.0,0.0,-0.0
95,0.0,0.0,-0.0
20,0.0,0.06666666666666667,-0.0
135,0.3125,0.75,-1.8898930524513723e-07
135,0.3125,0.75,-1.8898930524513723e-07
10975,-0.05,0.375,1.229130444483189e-06
20,0.22499999999999998,0.475,-8.364633316673618e-09
219952,0.0,0.0,-0.0
5309,0.0,0.0,-0.0
100,0.0,0.0,-0.0
2255,0.1,0.2625,-2.3164164369068962e-07
493,0.0,0.0,-0.0
61,-1.0,1.0,2.387100034232004e-07
904,0.3181818181818182,0.6717171717171717,-7.560857002252314e-07
50,0.0,0.0,-0.0
8613,0.06666666666666661,0.7555555555555555,-1.6977368505757568e-06
8613,0.06666666666666661,0.7555555555555555,-1.6977368505757568e-06
46501,0.06666666666666661,0.7555555555555555,-9.16596555075157e-06
53999,0.0,0.0,-0.0
4044,0.0,0.0,-0.0
540,0.4000000000000001,0.4000000000000001,-3.381072835371233e-07
71,0.43333333333333335,0.5666666666666667,-6.822584086909722e-08
5337,0.0,0.0,-0.0
172,0.0,0.0,-0.0
1150,0.25555555555555554,0.7000000000000001,-8.050483995228698e-07
42322,0.4,0.4,-2.6498845284922464e-05
5776,0.0,0.0,-0.0
1844,0.4444444444444445,0.5777777777777778,-1.8530196161298392e-06
7027,1.0,1.0,-2.7498609738603754e-05
378,0.0,0.0,-0.0
4467,0.06666666666666661,0.7555555555555555,-8.80505109894567e-07
293,0.0,0.0625,-0.0
949,0.0,0.0,-0.0
982,0.5,1.0,-1.921419863619531e-06
48705,1.0,1.0,-0.00019059624125781924
48705,1.0,1.0,-0.00019059624125781924
15527,0.525,0.625,-1.9937360319209188e-05
14911,0.0,0.0,-0.0
1165,0.48888888888888893,0.5555555555555556,-1.2382386941381555e-06
302,0.48888888888888893,0.5555555555555556,-3.2098548122723e-07
1556,0.0,0.0,-0.0
3699,0.0,0.0,-0.0
9345,0.0,0.0,-0.0
357,0.48888888888888893,0.5555555555555556,-3.794431019805335e-07
91429,0.0,0.0,-0.0
4831,-0.5000000000000001,0.8666666666666667,8.192188166659704e-06
909,0.0,0.0,-0.0
4,0.2708333333333333,0.8333333333333333,-3.5328210889134845e-09
6113,0.0,0.0,-0.0
1158,0.26785714285714285,0.5714285714285714,-6.93608691780025e-07
1210,0.0,0.0,-0.0
442,0.0,0.0,-0.0
184,0.4,0.4,-1.1520692624227903e-07
426,0.15,0.375,-9.3771941918499e-08
13,0.75,0.8,-3.052357420821251e-08
5302,0.18333333333333335,0.26666666666666666,-1.0143566353113218e-06
9,0.015939393939393944,0.30557575757575756,-1.715433926022605e-10
267,0.16,0.5399999999999999,-9.027464470441187e-08
4467,0.06666666666666661,0.7555555555555555,-8.80505109894567e-07
4467,0.06666666666666661,0.7555555555555555,-8.80505109894567e-07
4304,0.8,0.75,-1.0105651030165127e-05
116921,0.06666666666666661,0.7555555555555555,-2.3046684117748527e-05
1469,0.0,0.0,-0.0
116921,0.06666666666666661,0.7555555555555555,-2.3046684117748527e-05
46501,0.06666666666666661,0.7555555555555555,-9.16596555075157e-06
24260,0.0,0.0,-0.0
1407,0.07142857142857142,0.28571428571428575,-1.123670039533098e-07
104,0.0,0.0,-0.0
104,0.0,0.0,-0.0
95,0.0,0.35,-0.0
540,0.0,0.0,-0.0
2300,0.0,0.0,-0.0
184,-0.1875,0.5,6.750405834508536e-08
12,0.0,0.0,-0.0
2577,0.0,0.0,-0.0
32667,0.06666666666666661,0.7555555555555555,-6.439100162284714e-06
29493,0.06666666666666661,0.7555555555555555,-5.8134625489412285e-06
483,0.75,1.0,-1.4175852252467924e-06
22,0.0,0.0,-0.0
376,0.0,0.0,-0.0
70,0.0,0.0,-0.0
1004,0.0,0.0,-0.0
67,0.0,0.0,-0.0
1797,0.4684659090909091,0.5261363636363636,-1.7332658173079185e-06
39,0.0,0.0,-0.0
6261,0.0,0.0,-0.0
357,0.0,0.0,-0.0
11848,0.06666666666666661,0.7555555555555555,-2.3353983752027825e-06
53148,0.06666666666666661,0.7555555555555555,-1.0476177654057858e-05
53148,0.06666666666666661,0.7555555555555555,-1.0476177654057858e-05
1745,0.0,0.0,-0.0
1514,0.0,0.0,-0.0
81,0.0,0.0,-0.0
46501,0.06666666666666661,0.7555555555555555,-9.16596555075157e-06
6261,0.0,0.0,-0.0
469,0.0,0.0,-0.0
11835,0.06666666666666661,0.7555555555555555,-2.332835902306291e-06
6261,0.0,0.0,-0.0
619,0.0,0.0,-0.0
1514,0.0,0.0,-0.0
249,0.13636363636363635,0.45454545454545453,-6.039709136876124e-08
249,0.5,0.5,-2.436016018540037e-07
9087,0.0,0.0,-0.0
3478,0.06666666666666661,0.7555555555555555,-6.855600564614515e-07
319,0.5,1.0,-6.241679597704993e-07
652,1.0,0.3,-7.654373224520983e-07
