987,0.0,0.0,-0.0
516,0.3,0.62,-1.9134827705107206e-06
99,0.0,0.0,-0.0
289,0.0,0.0,-0.0
750,0.3,0.2,-8.971693410121534e-07
322,0.0,0.0,-0.0
233,0.3,0.2,-2.787206086077756e-07
405,0.0,0.0,-0.0
5050,0.0,0.0,-0.0
1132,0.5,0.5,-5.642198300143098e-06
121,0.5,0.5,-6.030971681248364e-07
226,0.25,0.65,-7.321898677482518e-07
1521,0.0,0.0,-0.0
364,0.0,0.0,-0.0
904,0.0,0.0,-0.0
7826,0.0,0.0,-0.0
1413,0.0,0.0,-0.0
1289,0.0,0.0,-0.0
77,0.8,0.65,-7.982813425361472e-07
89,0.0,0.0,-0.0
2558,0.0,0.0,-0.0
315,0.0,0.0,-0.0
1194,0.0,0.5,-0.0
483,0.0,0.0,-0.0
82,-0.7142857142857143,0.8571428571428571,1.0009236185441712e-06
192,0.25,0.3333333333333333,-3.1899354347098787e-07
363,0.5,1.0,-3.6185830087490187e-06
8137,0.0,0.0,-0.0
84,0.0,0.0,-0.0
79,0.0,0.0,-0.0
265,0.1,0.2,-1.0566661127476476e-07
726,0.0,0.0,-0.0
2330,0.0,0.0,-0.0
556,0.0,0.0,-0.0
171,0.0,0.0,-0.0
3732,0.0,0.0,-0.0
4303,0.0,0.0,-0.0
105,0.5,0.5,-5.233487822570895e-07
289,-0.012500000000000011,1.0,7.202276098680905e-08
141,0.0,0.0,-0.0
56,0.0,0.5,-0.0
1588,0.3,0.62,-5.8887803092461705e-06
214,0.0,0.0,-0.0
11,0.3,0.2,-1.315848366817825e-08
87,0.3,0.2,-1.0407164355740977e-07
2860,0.8,1.0,-4.561607671635126e-05
1097,0.0,0.5,-0.0
353,0.3,0.62,-1.3090298798261326e-06
511,0.0,0.0,-0.0
1304,0.8,1.0,-2.079837903430841e-05
1023,0.0,0.0,-0.0
394,0.0,0.0,-0.0
120,0.0,0.0,-0.0
110,0.0,0.0,-0.0
9357,-0.5,1.0,9.327570582056355e-05
829,-0.2,0.8,2.64445647537449e-06
3591,0.0,0.0,-0.0
677,0.0,0.0,-0.0
253,0.0,0.0,-0.0
4931,0.25,0.3,-1.5300850529938883e-06
1627,0.0,1.0,-0.0
158,-0.0625,0.25,1.0214013315970155e-08
228,0.5,0.75,-3.537410181328398e-07
562,0.0,0.0,-0.0
287,0.0,0.0,-0.0
6779,0.0,0.0,-0.0
56,0.0,0.0,-0.0
158,-0.5,1.0,3.2684842611104496e-07
1289,0.0,0.0,-0.0
25034,0.0,0.0,-0.0
149,-0.05,0.75,2.3117285834119797e-08
927,0.0,0.0,-0.0
607,0.0,0.0,-0.0
588,0.0,0.0,-0.0
95,0.0,0.0,-0.0
458,-0.13333333333333333,0.6,1.5159147256593277e-07
87433,0.6,0.8,-0.00017363446140860957
33,0.0,0.0,-0.0
158,0.0,0.0,-0.0
1464,-0.16666666666666666,0.16666666666666666,1.6825108854661386e-07
5,-0.2916666666666667,0.5416666666666666,3.2681969470931225e-09
4306,0.0,0.0,-0.0
546,0.0,1.0,-0.0
33,-0.07857142857142857,0.30892857142857144,3.314026464632445e-09
149,0.5,0.8888888888888888,-2.7398264692290125e-07
1470,0.0,0.0,-0.0
447,-0.6,0.9,9.98666748033975e-07
10198,0.0,0.0,-0.0
4899,0.0,0.0,-0.0
181,0.03333333333333333,0.06666666666666667,-1.664122788357219e-09
1361,0.0,0.0,-0.0
677,0.0,0.0,-0.0
30026,0.0,0.0,-0.0
871,0.0,0.0,-0.0
726,0.0,0.0,-0.0
256,0.03333333333333333,0.06666666666666667,-2.353676429941702e-09
224,0.0,0.0,-0.0
0,0.0,0.0,-0.0
483,0.0,0.0,-0.0
747,0.0,0.0,-0.0
66,0.0,0.0,-0.0
347,0.0,0.0,-0.0
223,0.0,0.0,-0.0
2680,0.0,0.0,-0.0
189,-0.2916666666666667,0.5416666666666666,1.2353784460012003e-07
311,0.1,0.45,-5.790181928384905e-08
754,0.0,0.0,-0.0
618,0.03333333333333333,0.06666666666666667,-5.6819220066561396e-09
125,0.0,0.0,-0.0
26,0.0,0.0,-0.0
668,-0.2916666666666667,0.5416666666666666,4.3663111213164117e-07
268,0.625,1.0,-6.930014097924055e-07
1844,0.0,0.0,-0.0
18298,0.0,0.0,-0.0
570,0.0,0.0,-0.0
1533,0.0,0.0,-0.0
352,0.0,0.0,-0.0
538,0.03333333333333333,0.06666666666666667,-4.946398122299359e-09
155,-0.2916666666666667,0.5416666666666666,1.013141053598868e-07
1,0.0,0.0,-0.0
0,0.0,0.0,-0.0
2252,-0.25,0.5,1.1646561006361919e-06
250,0.0,0.0,-0.0
139,0.0,0.0,-0.0
75,0.03333333333333333,0.06666666666666667,-6.89553641584483e-10
571,-0.05,0.75,8.859040410256648e-08
141,0.2,0.5,-5.8336238078047274e-08
4439,0.0,0.0,-0.0
455,0.0,0.0,-0.0
191,0.0,0.0,-0.0
167,0.0,0.0,-0.0
269,0.0,0.0,-0.0
75,0.0,0.0,-0.0
58,0.0,0.0,-0.0
622,0.03333333333333333,0.06666666666666667,-5.7186982008739796e-09
721,0.0,0.0,-0.0
4076,0.0,0.0,-0.0
138,0.0,0.0,-0.0
135,0.0,0.0,-0.0
1188,0.05,1.0,-2.4575691786070976e-07
130,0.03333333333333333,0.06666666666666667,-1.1952263120797706e-09
60,0.0,0.0,-0.0
263,0.0,0.0,-0.0
26530,0.4,0.8,-3.512420757357377e-05
88,0.0,0.0,-0.0
13275,-0.35,0.5,9.611515821635712e-06
87,0.0,0.0,-0.0
94,-0.2,0.1,7.77816507707297e-09
216,-0.5,0.5,2.234153798733725e-07
1088,0.06818181818181818,0.22727272727272727,-6.975319481813282e-08
271,-0.2916666666666667,0.5416666666666666,1.7713627453244726e-07
114,-0.5,0.6666666666666666,1.5721823028126212e-07
327,-0.36458333333333337,0.5416666666666666,2.671751004248628e-07
1013,0.0,0.0,-0.0
851,0.0,0.0,-0.0
25,0.6,0.9,-3.439578691865983e-08
1940,0.0,0.0,-0.0
6275,0.21428571428571427,0.6428571428571429,-2.2023832950468413e-06
7384,0.0,0.0,-0.0
5804,0.5,0.5,-3.6969101347389196e-06
290,0.0,0.0,-0.0
86,-0.15833333333333335,0.4833333333333334,1.6768299988967235e-08
7877,0.0,0.0,-0.0
2906,0.0,0.0,-0.0
46,0.0,0.0,-0.0
19028,0.0,0.0,-0.0
91,0.0,0.25,-0.0
86,0.06666666666666665,0.6833333333333332,-9.981855528822594e-09
236,0.13636363636363635,0.45454545454545453,-3.726999868137612e-08
989,0.0,0.0,-0.0
86,-0.5,0.2,2.1911390185220336e-08
86,0.02500000000000001,0.2833333333333333,-1.552056804786441e-09
6636,0.0,0.0,-0.0
379,0.0,0.0,-0.0
485,0.4380952380952381,0.8476190476190476,-4.588623871525777e-07
190,0.0,0.0,-0.0
6261,0.0,0.0,-0.0
396,0.0,0.0,-0.0
2237,0.21428571428571427,0.6428571428571429,-7.851364830310413e-07
6275,0.21428571428571427,0.6428571428571429,-2.2023832950468413e-06
56,0.0,0.0,-0.0
460,0.0,0.0,-0.0
6229,0.25,0.3,-1.1902853150907338e-06
929,0.0,0.0,-0.0
4111,0.0,0.0,-0.0
637,0.0,0.0,-0.0
607,0.0,0.0,-0.0
1004,0.0,0.0,-0.0
37,0.0,0.0,-0.0
34,0.0,0.0,-0.0
14,0.0,0.0,-0.0
1104,0.41111111111111115,0.6777777777777777,-7.837672185391716e-07
706,0.0,0.0,-0.0
779,0.0,0.0,-0.0
456,0.0,0.0,-0.0
108,0.0,0.0,-0.0
46,0.0,0.0,-0.0
560,0.0,0.0,-0.0
2603,0.0,0.0,-0.0
235,0.0,0.0,-0.0
24772,0.0,0.0,-0.0
1941,0.0,0.0,-0.0
3,0.0,0.0,-0.0
441,0.0,0.0,-0.0
277,0.0,0.0,-0.0
1641,0.0,0.0,-0.0
935,0.0,0.0,-0.0
83,0.0,0.0,-0.0
69,0.0,0.0,-0.0
108,0.0,0.0,-0.0
20010,0.0,0.0,-0.0
158,0.0,0.0,-0.0
67,0.0,0.0,-0.0
428,0.0,0.0,-0.0
858,0.0,0.0,-0.0
159,0.0,0.0,-0.0
1782,0.0,0.0,-0.0
61,0.0,0.0,-0.0
232,0.0,0.0,-0.0
1432,0.0,0.0,-0.0
1444,0.0,0.0,-0.0
325,0.0,0.0,-0.0
111,0.0,0.0,-0.0
24157,0.0,0.0,-0.0
1760,0.0,0.0,-0.0
378,0.0,0.0,-0.0
361,0.0,0.0,-0.0
857,0.0,0.0,-0.0
20,0.0,0.0,-0.0
85,0.0,0.0,-0.0
24,0.0,0.0,-0.0
974,0.0,0.0,-0.0
54,0.0,0.0,-0.0
255,0.0,0.0,-0.0
203,0.0,0.0,-0.0
534,0.0,0.0,-0.0
129,0.0,0.0,-0.0
4882,0.0,0.0,-0.0
2,0.0,0.0,-0.0
2377,0.0,0.0,-0.0
182,0.0,0.0,-0.0
24,0.0,0.0,-0.0
10175,0.0,0.0,-0.0
2889,0.0,0.0,-0.0
35,0.0,0.0,-0.0
451,0.0,0.0,-0.0
11556,0.0,0.0,-0.0
71,0.0,0.0,-0.0
19,0.0,0.0,-0.0
294,0.0,0.0,-0.0
19,0.0,0.0,-0.0
196,0.0,0.0,-0.0
1155,0.0,0.0,-0.0
73,0.0,0.0,-0.0
262,0.0,0.0,-0.0
574,0.0,0.0,-0.0
112,0.0,0.0,-0.0
72,0.0,0.25,-0.0
382,0.0,0.0,-0.0
1155,0.0,0.0,-0.0
32,-0.07500000000000001,1.0,4.988459666230164e-09
125,-0.2,0.8,4.157049721858471e-08
58,0.125,0.42500000000000004,-6.404454727738206e-09
39,-0.1,0.4625,3.749139217901108e-09
1406,0.03333333333333333,0.5333333333333333,-5.195388363496008e-08
346,-0.6499999999999999,1.0,4.674602412229848e-07
565,0.0,0.0,-0.0
652,-0.17500000000000002,0.9333333333333332,2.213490408565573e-07
10495,0.03333333333333333,0.5333333333333333,-3.8780654960804123e-07
7465,0.03333333333333333,0.5333333333333333,-2.7584334376598647e-07
9412,0.03333333333333333,0.5333333333333333,-3.477880176189504e-07
99,-0.65,0.7,9.362715236055738e-08
421,0.0,0.0,-0.0
3058,0.0,0.0,-0.0
14142,0.03333333333333333,0.5333333333333333,-5.225688637024221e-07
79,0.0,0.0,-0.0
2377,1.0,1.0,-4.940653594428791e-06
361,0.0,0.625,-0.0
29,-0.2,0.6,7.233266516033736e-09
94,0.09444444444444444,0.3,-5.535804546274862e-09
64,0.0,0.0,-0.0
36,0.7,0.6000000000000001,-3.1427295897250036e-08
43,0.0,0.0,-0.0
369,0.0,0.0,-0.0
321,1.0,1.0,-6.672064803582844e-07
157,0.0,0.0,-0.0
86,0.0,0.0,-0.0
214,0.4,0.6,-1.067530368573255e-07
164,0.0,0.0,-0.0
34,0.0,0.0,-0.0
384,0.0,0.0,-0.0
276,-0.4,0.7,1.6062840125261127e-07
73,0.0,0.0,-0.0
637,-0.225,0.7000000000000001,2.0853320298487787e-07
1065,0.0,0.0,-0.0
472,0.0,0.0,-0.0
158,0.0,0.0,-0.0
266,-0.05,0.9,2.487994258532294e-08
156,0.0,0.0,-0.0
7425,0.0,0.125,-0.0
394,0.0,0.0,-0.0
58,0.0,0.0,-0.0
124,0.0,0.0,-0.0
291,-0.3,0.4,7.258208814364888e-08
448,-0.4,0.6,2.234829930471113e-07
421,0.0,0.0,-0.0
423,-0.3,0.6,1.5825888291115192e-07
1950,-0.6,0.9,2.1886866785584845e-06
541,-0.4,0.4,1.799171119620346e-07
1167,-0.18333333333333335,0.18333333333333335,8.152840556589849e-08
123,0.0,0.0,-0.0
231,-0.24285714285714283,0.7857142857142857,9.161840654853078e-08
626,0.0,0.0,-0.0
1919,0.03333333333333333,0.5333333333333333,-7.09100303666347e-08
421,0.0,0.06666666666666667,-0.0
134,0.0,0.0,-0.0
422,0.0,0.0,-0.0
21032,0.1,0.4,-1.7486213950025471e-06
604,-0.26666666666666666,0.8333333333333334,2.789842257780573e-07
4649,0.6,0.6,-3.4787023482456047e-06
1161,0.0,0.0,-0.0
382,0.0,0.0,-0.0
1390,0.0,0.375,-0.0
438,1.0,1.0,-9.10393889087005e-07
120,-0.3857142857142857,0.5071428571428571,4.879018969471032e-08
13130,0.03333333333333333,0.5333333333333333,-4.851738919822374e-07
102,0.0,0.0,-0.0
100,0.0,0.0,-0.0
312,0.0,0.0,-0.0
139,0.0,0.0,-0.0
193,0.0,0.0,-0.0
1133,-0.17500000000000002,0.9333333333333332,3.8464488234736113e-07
195,0.0,0.0,-0.0
210,0.0,0.0,-0.0
293,0.5,0.15,-4.567558381891993e-08
96,0.6,0.95,-1.1373688039004771e-07
867,-1.0,1.0,1.8020810544256465e-06
127,0.0,0.0,-0.0
3259,0.03333333333333333,0.5333333333333333,-1.2042511149810447e-07
1955,0.43333333333333335,0.48333333333333334,-8.510808727083215e-07
482,0.0,0.0,-0.0
96,0.2375,0.4291666666666667,-2.0338365764192563e-08
930,0.5,0.5,-4.832570301660471e-07
983,0.0,1.0,-0.0
600,0.0,1.0,-0.0
402,0.0,0.0,-0.0
7084,0.0,0.0,-0.0
68,0.0,1.0,-0.0
394,-0.10357142857142856,0.4857142857142857,5.2428025629697545e-09
699,0.2,0.2,-7.395773543694034e-09
237,0.0,1.0,-0.0
89,0.0,0.0,-0.0
379,0.0,1.0,-0.0
227,0.0,1.0,-0.0
522,0.0,1.0,-0.0
687,0.0,1.0,-0.0
153,0.0,0.0,-0.0
894,0.0,0.0,-0.0
235,-0.04166666666666666,0.8333333333333333,2.158349704399262e-09
731,0.0,1.0,-0.0
432,0.0,0.0,-0.0
405,0.0,1.0,-0.0
82,0.0,1.0,-0.0
820,0.0,1.0,-0.0
517,0.0,1.0,-0.0
523,0.25,0.3333333333333333,-1.1528342761540233e-08
329,0.0,0.0,-0.0
531,0.0,0.0,-0.0
5107,0.0,0.0,-0.0
750,-0.06666666666666667,0.7000000000000001,9.257942561848753e-09
4687751,0.5,0.75,-0.0004649885303812399
205,-0.2,0.4,4.3380073718377026e-09
404,0.0,1.0,-0.0
190,0.0,0.0,-0.0
597,0.0,1.0,-0.0
874,0.0,1.0,-0.0
920,0.0,1.0,-0.0
308,0.0,1.0,-0.0
358,0.0,0.0,-0.0
747,0.0,0.0,-0.0
7078,0.0,0.0,-0.0
1116,0.0,0.0,-0.0
428,0.0,0.0,-0.0
1207,0.2,0.2,-1.2770670482458798e-08
629,0.0,1.0,-0.0
1158,0.0,1.0,-0.0
580,0.0,0.0,-0.0
223,0.0,1.0,-0.0
3231,0.0,0.0,-0.0
647,0.0,1.0,-0.0
616,0.0,0.0,-0.0
34811,0.0,0.0,-0.0
143,0.0,0.35714285714285715,-0.0
295,0.35,0.65,-1.7752104862344983e-08
4604,0.0,0.0,-0.0
1024,0.0,1.0,-0.0
1394,0.0,1.0,-0.0
231,0.0,0.0,-0.0
194,0.0,0.0,-0.0
1299,0.35,0.4,-4.810426955136612e-08
895,0.0,1.0,-0.0
1816,0.0,1.0,-0.0
625,0.0,1.0,-0.0
1039,0.0,0.0,-0.0
376,0.0,0.0,-0.0
1652,0.0,0.0,-0.0
939,0.0,1.0,-0.0
10283,0.0,0.0,-0.0
2106,0.0,1.0,-0.0
37,0.0,0.0,-0.0
483,0.0,0.0,-0.0
4604,0.0,0.0,-0.0
40,0.0,1.0,-0.0
321,-0.2,0.1,1.6981711784876862e-09
505,0.0,0.0,-0.0
108,0.0,1.0,-0.0
189,0.0,1.0,-0.0
209,0.0,0.0,-0.0
205,0.0,1.0,-0.0
402,0.0,1.0,-0.0
295,0.8,1.0,-6.242498413132303e-08
578,0.6,1.0,-9.173298515568994e-08
81,0.0,0.0,-0.0
495,0.0,0.0,-0.0
1074,0.0,1.0,-0.0
457,0.0,1.0,-0.0
236,0.30833333333333335,0.5916666666666666,-1.1388224535623998e-08
189,-0.1,0.15,7.498933475097492e-10
317,0.0,0.0,-0.0
555,0.0,0.0,-0.0
459,0.0,1.0,-0.0
737,0.0,1.0,-0.0
2391,0.0,0.0,-0.0
396,0.8,0.8,-6.703808465356997e-08
199,0.0,0.0,-0.0
820,0.0,0.0,-0.0
340,0.04999999999999999,0.55,-2.473193227236738e-09
665,0.0,1.0,-0.0
229,0.375,0.975,-2.2147147773179788e-08
750,0.0,1.0,-0.0
423,1.0,0.875,-9.790274259155058e-08
718,1.0,0.875,-1.6618006898518514e-07
302,0.0,0.0,-0.0
4012,0.03333333333333333,0.06666666666666667,-2.262882825503898e-09
242,0.17045454545454544,0.5,-5.234890634149565e-09
7371,0.03333333333333333,0.06666666666666667,-4.157454961811873e-09
0,-0.03333333333333334,0.3333333333333333,0.0
2475,0.11666666666666667,0.13333333333333333,-9.771795850412522e-09
575,-0.1,1.0,1.459424055581091e-08
584,-0.23333333333333334,0.5333333333333333,1.844599200530396e-08
4617,-0.060317460317460325,0.5007936507936508,3.539772831001302e-08
286,0.03333333333333333,0.06666666666666667,-1.6131218546712735e-10
247,0.03333333333333333,0.06666666666666667,-1.3931506926706452e-10
964,0.03333333333333333,0.06666666666666667,-5.437235901759118e-10
81,0.03333333333333333,0.06666666666666667,-4.568631826166893e-11
7,0.21555555555555558,0.5066666666666667,-1.9404088622017812e-10
82,0.0,0.0,-0.0
2152,0.03333333333333333,0.06666666666666667,-1.2137895913470562e-09
1971,0.03333333333333333,0.06666666666666667,-1.111700411033944e-09
24,0.03333333333333333,0.06666666666666667,-1.3536686892346351e-11
626,-0.04999999999999999,0.30000000000000004,2.3833029359837293e-09
2020,-0.23333333333333334,0.5333333333333333,6.380291755259246e-08
3221,-0.3527777777777778,0.5027777777777778,1.4500456501091604e-07
1308,0.14444444444444443,0.5888888888888889,-2.82394089528362e-08
1402,0.03333333333333333,0.06666666666666667,-7.907681259612327e-10
168,-0.23333333333333334,0.5333333333333333,5.306381261799769e-09
434,0.16666666666666666,0.08333333333333334,-1.5299276331453947e-09
1196,0.05934343434343434,0.17373737373737375,-3.1297580420187327e-09
85,-0.23333333333333334,0.5333333333333333,2.6847762336486927e-09
95634,0.03333333333333333,0.06666666666666667,-5.394031309427712e-08
270,0.03333333333333333,0.06666666666666667,-1.5228772753889644e-10
26,0.03333333333333333,0.06666666666666667,-1.4664744133375215e-11
1025,0.016666666666666666,0.15833333333333333,-6.865285865324093e-10
16,0.0,0.06666666666666667,-0.0
18368,0.13333333333333333,0.14166666666666666,-8.806066046367713e-08
281,0.03333333333333333,0.06666666666666667,-1.5849204236455518e-10
853,0.03333333333333333,0.06666666666666667,-4.811164132988099e-10
1430,0.016666666666666666,0.19999999999999998,-1.2098413910034549e-09
1033,0.03333333333333333,0.06666666666666667,-5.826415649914075e-10
770,0.4611111111111112,0.3055555555555556,-2.753595559082295e-08
79,0.14166666666666666,0.5333333333333333,-1.5149808747017625e-09
1239,0.03333333333333333,0.06666666666666667,-6.988314608173802e-10
4203,0.03333333333333333,0.06666666666666667,-2.3706122920221543e-09
3955,0.011111111111111112,0.35555555555555557,-3.96574790068369e-09
462,0.03333333333333333,0.06666666666666667,-2.6058122267766724e-10
780,-0.12916666666666668,0.30416666666666664,7.778042806365963e-09
159,0.05656565656565656,0.3138888888888889,-7.165385411462577e-10
5,-0.058333333333333334,0.23333333333333334,1.7273376503254458e-11
448,0.03333333333333333,0.06666666666666667,-2.526848219904652e-10
6681,-0.23333333333333334,0.5333333333333333,2.1102341196478723e-07
2516,0.2681818181818182,0.4279220779220779,-7.328554418659297e-08
731,0.4444444444444444,0.3888888888888889,-3.2068160568581604e-08
324,-0.23333333333333334,0.5333333333333333,1.0233735290613842e-08
120,0.011111111111111108,0.5222222222222223,-1.767289677611884e-10
83,-0.38333333333333336,0.48333333333333334,3.903148557537429e-09
6,0.12797619047619047,0.2476190476190476,-4.825897941850516e-11
119,0.03333333333333333,0.06666666666666667,-6.711940584121732e-11
230,0.0,0.0,-0.0
2828,0.022222222222222223,0.07777777777777778,-1.2406122857448537e-09
278,0.016666666666666666,0.15833333333333333,-1.861999483473266e-10
303,0.2681818181818182,0.4279220779220779,-8.825723326127851e-09
1912,0.22083333333333333,0.37916666666666665,-4.0634631173820205e-08
333,-0.13333333333333333,0.23333333333333334,2.6295014288382782e-09
56,0.11666666666666667,0.13333333333333333,-2.2109921924165705e-10
86,0.03333333333333333,0.06666666666666667,-4.850646136424109e-11
7188,-0.08333333333333334,0.058333333333333334,8.868645021813791e-09
381,-0.18055555555555558,0.45555555555555555,7.954096114842162e-09
24,0.17045454545454544,0.5,-5.191627075189651e-10
0,-0.03333333333333334,0.3333333333333333,0.0
544,0.03333333333333333,0.06666666666666667,-3.0683156955985066e-10
83,-0.0638888888888889,0.18888888888888888,2.5422806696603944e-10
3,0.0,0.0,-0.0
2424,0.2222222222222222,0.37777777777777777,-5.1649980875908184e-08
154,0.12797619047619047,0.2476190476190476,-1.238647138408299e-09
141,0.0,0.0,-0.0
206,0.16666666666666666,0.08333333333333334,-7.261868489123303e-10
73,0.9,1.0,-1.667550616550916e-08
1317,0.11666666666666667,0.13333333333333333,-5.199779852522542e-09
153,0.03333333333333333,0.06666666666666667,-8.629637893870798e-11
23,0.12797619047619047,0.2476190476190476,-1.849927544376031e-10
16,0.03333333333333333,0.06666666666666667,-9.0244579282309e-12
273,0.03333333333333333,0.06666666666666667,-1.5397981340043975e-10
39,0.11666666666666667,0.18333333333333332,-2.1172224342560462e-10
369,0.2681818181818182,0.4279220779220779,-1.0748158110036888e-08
22777,0.03333333333333333,0.06666666666666667,-1.28468798894572e-08
119,0.11666666666666667,0.13333333333333333,-4.698358408885212e-10
2,0.25555555555555554,0.27777777777777773,-3.6035161866199766e-11
1,0.03333333333333333,0.06666666666666667,-5.640286205144313e-13
1547,0.0,0.0,-0.0
65,-0.058333333333333334,0.23333333333333334,2.2455389454230793e-10
5,-0.5,1.0,6.345321980787352e-10
2228,0.03333333333333333,0.06666666666666667,-1.2566557665061527e-09
22,0.03333333333333333,0.06666666666666667,-1.2408629651317487e-11
2302,-0.17083333333333334,0.3458333333333333,3.4519018661684555e-08
706,0.0,0.1,-0.0
402,0.03333333333333333,0.06666666666666667,-2.2673950544680138e-10
264,0.03333333333333333,0.06666666666666667,-1.4890355581580987e-10
1490,0.03333333333333333,0.06666666666666667,-8.404026445665025e-10
1582,0.45069444444444445,0.6888888888888888,-1.2466700314664867e-07
1001,0.11666666666666667,0.13333333333333333,-3.95214854394462e-09
174,0.11666666666666667,0.13333333333333333,-6.869868597865773e-10
1,0.06666666666666667,0.08333333333333334,-1.4100715512860784e-12
770,0.019999999999999983,0.54,-2.1107079036891033e-09
