1627,0.3125,0.6,6.555728389597805e-06
1025,0.20714285714285713,0.37142857142857144,1.6947329079941508e-06
1060,0.1,0.1,2.277917506403991e-07
580,0.25,0.4,1.2464076921833157e-06
35,0.2556818181818182,0.6022727272727273,1.1582257465735683e-07
972,-0.1,0.2,-4.1776147475937346e-07
1165,-0.1,0.4,-1.0014241113059055e-06
3252,0.21428571428571427,0.5714285714285714,8.557321213891926e-06
7169,-0.1,0.4,-6.162411548456683e-06
530,-0.5,0.875,-4.982944545258729e-06
131,0.0,0.0,0.0
78,0.0,0.0,0.0
68,-0.125,0.1,-1.8266319626824454e-08
876,0.0,0.0,0.0
321,0.2,0.2,2.759288753040306e-07
197452,0.6,0.9,0.002291328853171883
10,0.5181818181818182,0.7,7.794932118826692e-08
94,0.2,0.1,4.0400801056976444e-08
1231,-0.5,0.875,-1.1573593840025464e-05
273,0.25,0.25,3.6666950427375553e-07
153,0.25,0.4,3.2879375328284016e-07
279,-0.1,0.1,-5.995650795157674e-08
503,0.0,0.0,0.0
563,0.2848484848484848,0.5939393939393939,2.0468997222383994e-06
1005,0.2,0.1,4.319447347049077e-07
157,0.0,0.0,0.0
170,0.0,0.0,0.0
3126,0.0,0.0,0.0
2506,0.0,0.0,0.0
714,0.3642857142857143,0.48214285714285715,2.6949345135147076e-06
108,0.0,0.0,0.0
2391,0.25,0.25,3.2113801638042108e-06
5108,0.2848484848484848,0.5939393939393939,1.8571161245459583e-05
1227,0.0,0.25,0.0
995,0.225,0.925,4.450199274671971e-06
2380,0.0,0.0,0.0
333,0.0,0.0,0.0
736,0.0,0.0,0.0
84,-0.6999999999999998,0.6666666666666666,-8.42399681613551e-07
929,0.4,0.4625,3.6933423796049234e-06
661,0.0,0.0,0.0
0,0.0,0.0,0.0
206,0.1875,0.4375,3.63143835963431e-07
420,-1.0,1.0,-9.025710874430905e-06
86,0.0,0.0,0.0
458,-0.5,0.875,-4.306016229676412e-06
110,0.2848484848484848,0.5939393939393939,3.999271215741101e-07
464,-0.4,0.4,-1.5954018459946441e-06
20,0.0,0.0,0.0
451,0.13636363636363635,0.45454545454545453,6.007372497591998e-07
5658,0.1875,0.4375,9.974115649908217e-06
38822,0.1875,0.4375,6.843674757171027e-05
213,0.0,0.0,0.0
1843,0.2,0.25,1.980283945425733e-06
1747,0.0,0.0,0.0
54,0.0,0.0,0.0
212,0.0,0.0,0.0
301,0.0,0.0,0.0
1747,-0.3333333333333333,0.6666666666666666,-8.342813173349624e-06
525,0.0,0.0,0.0
525,-0.13333333333333333,0.5333333333333333,-8.02285411060525e-07
301,0.0,0.0,0.0
1747,0.25,0.25,2.346416205004582e-06
1331,0.0,0.0,0.0
4321,0.2,0.5399999999999999,1.0028596291306955e-05
301,-0.3,0.5,-9.702639190013224e-07
9892,0.2,0.5399999999999999,2.295831393510956e-05
301,-0.5,0.9,-2.9107917570039673e-06
563,0.2848484848484848,0.5939393939393939,2.0468997222383994e-06
0,-0.45,0.65,-0.0
1747,0.0,0.0,0.0
390,0.25,0.4,8.381017240542984e-07
3271,0.05,0.7,2.460258355855291e-06
301,0.0,1.0,0.0
50,0.8,1.0,8.595915118505625e-07
3436,-0.45,0.65,-2.1597881428879276e-05
684,0.13636363636363635,0.45454545454545453,9.11095961940782e-07
274,0.0062500000000000056,0.35,1.2880441560385781e-08
526,-0.45,0.65,-3.3063113013942077e-06
120,0.0,0.0,0.0
337,0.0,0.0,0.0
26980,0.0062500000000000056,0.35,1.268300413500761e-06
1140,0.25,0.4,2.449835808774103e-06
301,0.0,0.0,0.0
1747,0.2,0.35,2.6279861496051315e-06
23268,0.0,0.0,0.0
301,0.0,0.0,0.0
301,0.0,0.0,0.0
301,0.0,0.0,0.0
200,0.0,0.0,0.0
17269,0.2,0.25,1.8555357272684203e-05
181,0.0,0.0,0.0
343,0.0,0.0,0.0
1747,0.0,0.0,0.0
337,0.0,0.0,0.0
2309,0.0,0.0,0.0
27,0.0,0.1,0.0
83,0.0,0.0,0.0
14,-0.15,0.39999999999999997,-1.8051421748861808e-08
1747,0.0,0.0,0.0
474,0.4000000000000001,0.9,9.1229638274129e-07
563,0.2848484848484848,0.5939393939393939,5.092365304161013e-07
3126,0.0,0.0,0.0
5108,0.2848484848484848,0.5939393939393939,4.620213494432408e-06
4484,0.5,0.5,5.993226940066724e-06
110,0.2848484848484848,0.5939393939393939,9.949559208840347e-08
563,0.2848484848484848,0.5939393939393939,5.092365304161013e-07
8455,0.0,0.0,0.0
1872,0.65,0.75,4.87905343934424e-06
563,0.13636363636363635,0.45454545454545453,1.8656896332548224e-07
360,-0.0625,0.6875,-8.270091813484133e-08
712,0.0,0.0,0.0
354,0.0,0.4,0.0
6943,-0.15,0.39999999999999997,-2.227170810609273e-06
64,-0.15,0.39999999999999997,-2.052987640486728e-08
5918,0.5,0.5,7.90988337005238e-06
663,0.3333333333333333,0.3666666666666667,4.332302911478503e-07
223,0.0,0.0,0.0
4899,-0.375,0.625,-6.138663605190722e-06
1734,0.0,0.0,0.0
17061,0.0,0.0,0.0
132813,0.65,0.7,0.0003230777828402695
5918,0.25,0.4,3.163953348020952e-06
198,0.6,0.95,6.033858987118023e-07
160,0.0,0.0,0.0
185,0.0,0.0,0.0
177,0.6,0.95,5.393904246060051e-07
135,0.6,0.95,4.1139947639441067e-07
57,0.0,0.0,0.0
968,0.65,0.7,2.354734053062433e-06
19076,0.65,0.7,4.640382933493696e-05
183304,0.25,0.4,9.800022043015083e-05
873,0.5,0.5,1.1668347722297612e-06
2898,0.5,0.5,3.873410274824569e-06
69383,0.3,0.8,8.902652591243164e-05
563,0.13636363636363635,0.45454545454545453,1.8656896332548224e-07
1212,0.0,0.0,0.0
1628,0.0,0.0,0.0
5918,0.34545454545454546,0.6515151515151515,7.121074064278562e-06
183304,0.34545454545454546,0.6515151515151515,0.00022056798923259841
1181,0.0,0.0,0.0
266,0.0,0.0,0.0
7706,0.0,0.0,0.0
3093,-0.008928571428571432,0.2488095238095238,-3.6735335268558e-08
93685,-0.008928571428571432,0.2488095238095238,-1.1126899077383951e-06
563,0.13636363636363635,0.45454545454545453,1.8656896332548224e-07
258,0.0,0.0,0.0
297,0.0,0.0,0.0
3126,0.2,0.1,3.3425205021674545e-07
4177,0.0,0.0,0.0
563,0.2681818181818182,0.6772727272727272,5.467092521981049e-07
134,0.0,0.0,0.0
863,0.0,0.0,0.0
598,0.6,1.0,1.918260326579786e-06
35803,0.0,0.0,0.0
112744,0.0,0.0,0.0
36,0.0,0.0,0.0
3126,0.0,0.0,0.0
1214,0.0,0.0,0.0
95,0.0,0.0,0.0
1455,0.0,0.0,0.0
1163,0.06818181818181818,0.7272727272727273,3.083192956980971e-07
2059,0.0,0.0,0.0
66,0.5,0.5,8.82143126771641e-08
524,0.0,0.0,0.0
171,-0.14403409090909092,0.6855113636363637,-9.026745021694835e-08
258,0.0,0.0,0.0
297,0.0,0.0,0.0
17061,0.0,0.5,0.0
258,0.0,0.0,0.0
297,0.0,0.0,0.0
1505,0.0,0.625,0.0
863,0.0,0.0,0.0
8,0.0,0.0,0.0
34650,0.13636363636363635,0.45454545454545453,1.1482441526159788e-05
6328,0.25000000000000006,0.6,5.074728823828131e-06
613,0.25000000000000006,0.6,4.915943061009236e-07
33,-0.07777777777777779,0.14444444444444446,-1.982099371264675e-09
103,0.13636363636363635,0.45454545454545453,3.413251016434223e-08
103,0.13636363636363635,0.45454545454545453,3.413251016434223e-08
316,-0.05,0.1,-8.447188729086018e-09
169,0.0,0.0,0.0
24,0.0,0.0,0.0
1157,0.06818181818181818,0.2897727272727273,1.2221219825651346e-07
792,-0.05,0.1,-2.1171435042519387e-08
5156,0.06818181818181818,0.2897727272727273,5.446206518674014e-07
123,0.13636363636363635,0.45454545454545453,4.076018204091353e-08
169,0.0,0.0,0.0
169,0.13636363636363635,0.45454545454545453,5.6003827357027535e-08
132813,0.13636363636363635,0.45454545454545453,4.401204924715324e-05
968,0.13636363636363635,0.45454545454545453,3.2077931882605115e-07
19076,0.13636363636363635,0.45454545454545453,6.321473435873712e-06
828,0.0,0.0,0.0
30786,0.0,0.0,0.0
733,0.5,0.5,9.79713502914565e-07
6500,-0.4,0.5,-6.950218574564444e-06
33,0.0,0.0,0.0
873,0.0,0.0,0.0
834,0.0,0.0,0.0
9308,0.0,0.0,0.0
32786,0.0,0.0,0.0
30,-0.8,0.8,-5.3640176199932524e-08
28,0.13636363636363635,0.45454545454545453,4.848672951956709e-09
3398,0.13636363636363635,0.45454545454545453,5.88421096098175e-07
3681,0.4534970238095238,0.701058201058201,3.2695147416126655e-06
2598,-0.3458333333333333,0.6208333333333333,-1.5583678904891323e-06
956,0.525,0.75,1.0516407982322708e-06
521,0.525,0.75,5.731222341830681e-07
232,0.0,1.0,0.0
334,0.43333333333333335,0.8333333333333334,3.3695839852446033e-07
335,0.06944444444444445,0.6444444444444445,4.188483087242352e-08
289,0.43333333333333335,0.8333333333333334,2.9155981189691334e-07
2080,0.43333333333333335,0.8333333333333334,2.0984235596732863e-06
68,0.43333333333333335,0.8333333333333334,6.860230868162666e-08
43874,0.0,0.0,0.0
142,0.43333333333333335,0.8333333333333334,1.4325776224692626e-07
4148,0.43333333333333335,0.8333333333333334,4.184740829579226e-06
1138,0.43333333333333335,0.8333333333333334,1.1480798129366345e-06
8856,0.43333333333333335,0.8333333333333334,8.93444184830126e-06
2510,0.43333333333333335,0.8333333333333334,2.5322322763365133e-06
109,0.43333333333333335,0.8333333333333334,1.0996546538672509e-07
24,0.0,0.3125,0.0
2544,0.43333333333333335,0.8333333333333334,2.5665334306773268e-06
1815,0.43333333333333335,0.8333333333333334,1.8310763273110645e-06
832,0.43333333333333335,0.8333333333333334,8.393694238693144e-07
2420,0.43333333333333335,0.8333333333333334,2.4414351030814198e-06
1436,0.43333333333333335,0.8333333333333334,1.4487193421590572e-06
26309,0.43333333333333335,0.8333333333333334,2.6542031457425234e-05
6327,0.43333333333333335,0.8333333333333334,6.383041279833115e-06
1436,0.43333333333333335,0.8333333333333334,1.4487193421590572e-06
379,0.43333333333333335,0.8333333333333334,3.823569851520074e-07
3814,0.2,0.2,4.2621590005529713e-07
112394,1.0,0.3,9.420053068461274e-05
69,0.43333333333333335,0.8333333333333334,6.961116616223882e-08
2113,-0.15625,0.2,-1.8447541066155176e-07
72,-0.15625,0.2,-6.285958148429592e-09
289,0.43333333333333335,0.8333333333333334,2.9155981189691334e-07
9,0.625,0.5,7.85744768553699e-09
396,0.43333333333333335,0.8333333333333334,3.995075623224141e-07
365,0.13636363636363635,0.45454545454545453,6.320591526657853e-08
119,0.43333333333333335,0.8333333333333334,1.2005404019284665e-07
5255,0.43333333333333335,0.8333333333333334,5.301546060616884e-06
6105,0.43333333333333335,0.8333333333333334,6.159074919137218e-06
7765,0.43333333333333335,0.8333333333333334,7.833778336953397e-06
989,-0.3,0.32222222222222224,-2.670926898594209e-07
3866,0.43333333333333335,0.8333333333333334,3.900243020046598e-06
3963,0.43333333333333335,0.8333333333333334,3.998102195665977e-06
9033,0.43333333333333335,0.8333333333333334,9.113009622369612e-06
2205,0.43333333333333335,0.8333333333333334,2.2245307447498056e-06
785,0.43333333333333335,0.8333333333333334,7.919531222805431e-07
14146,0.43333333333333335,0.8333333333333334,1.427129792073957e-05
590,0.43333333333333335,0.8333333333333334,5.952259135611725e-07
85,0.43333333333333335,0.8333333333333334,8.575288585203332e-08
2884,0.43333333333333335,0.8333333333333334,2.9095449740854603e-06
667,0.43333333333333335,0.8333333333333334,6.729079395683085e-07
514,0.43333333333333335,0.8333333333333334,5.185527450346486e-07
58,0.43333333333333335,0.8333333333333334,5.8513733875505094e-08
5703,0.43333333333333335,0.8333333333333334,5.75351421193113e-06
5652,0.43333333333333335,0.8333333333333334,5.702062480419909e-06
51073,0.43333333333333335,0.8333333333333334,5.152537810730468e-05
336,0.43333333333333335,0.8333333333333334,3.389761134856847e-07
58,0.43333333333333335,0.8333333333333334,5.8513733875505094e-08
801,0.43333333333333335,0.8333333333333334,8.080948419703376e-07
312,0.43333333333333335,0.8333333333333334,3.147635339509929e-07
97,0.43333333333333335,0.8333333333333334,9.78591756193792e-08
208,0.43333333333333335,0.8333333333333334,2.098423559673286e-07
1892,0.43333333333333335,0.8333333333333334,1.908758353318201e-06
42860,0.43333333333333335,0.8333333333333334,4.323963161903704e-05
470,0.13636363636363635,0.45454545454545453,8.13884388364162e-08
2217,-0.15625,0.2,-1.9355512798706115e-07
347,-0.025,0.8150000000000001,-1.9752226601851455e-08
1143,0.0,0.0,0.0
1908,0.0,0.0,0.0
1299,0.24318181818181817,0.5022727272727273,4.4327048664911156e-07
123416,0.0,0.0,0.0
22,0.0,0.0,0.0
1235,0.0,0.0,0.0
954,0.0,0.0,0.0
954,0.25,0.5,3.3315578186676833e-07
54,0.2333333333333333,0.7999999999999999,2.8161092504964564e-08
49,0.13636363636363635,0.45454545454545453,8.485177665924242e-09
1257,0.0,0.0,0.0
347,0.13636363636363635,0.45454545454545453,6.008891122603492e-08
445,0.13636363636363635,0.45454545454545453,7.705926655788343e-08
521,0.13636363636363635,0.45454545454545453,9.021995028462306e-08
179,0.13636363636363635,0.45454545454545453,3.099687351429468e-08
298,0.13636363636363635,0.45454545454545453,5.160373356011069e-08
718,0.13636363636363635,0.45454545454545453,1.2433382783946133e-07
105,0.13636363636363635,0.45454545454545453,1.8182523569837658e-08
102,0.13636363636363635,0.45454545454545453,1.7663022896413725e-08
872460,0.13636363636363635,0.45454545454545453,0.00015108118584514823
17047,0.13636363636363635,0.45454545454545453,2.9519759932859294e-06
809,0.125,0.41666666666666663,1.1771620699258191e-07
11056,0.0,0.25,0.0
2263,0.22499999999999998,0.42500000000000004,6.04567739820587e-07
425,0.0,0.0,0.0
3319,0.25,0.25,5.795304192954949e-07
71,0.1,1.0,1.983569015726671e-08
211,0.16818181818181818,0.4772727272727273,4.731698716990754e-08
393,-0.3,0.32222222222222224,-1.061349111372623e-07
252,0.17857142857142858,0.5857142857142856,5.436976214163701e-08
335,0.0,0.0,0.0
2760,0.17857142857142858,0.5857142857142856,5.954783472655483e-07
726,0.0,0.0,0.0
3,0.0,0.0,0.0
68,-0.125,0.1,-1.7533879931855842e-09
164,0.5,0.75,1.2686277833048637e-07
627,0.4000000000000001,0.5833333333333334,3.0178901576829534e-07
1998,0.0,0.0,0.0
126,0.4,0.4,4.1586237579554566e-08
563,0.2848484848484848,0.5939393939393939,1.9648234945791625e-07
35638,0.125,0.925,8.500102676994375e-06
1070,-0.15000000000000002,0.75,-2.483106819761349e-07
1865,0.3166666666666667,0.5833333333333334,7.106521646564024e-07
5108,0.2848484848484848,0.5939393939393939,1.782649806449443e-06
2380,0.0,0.0,0.0
106,0.0,0.0,0.0
7,0.0,0.0,0.0
17,0.0,0.0,0.0
84,-0.6999999999999998,0.6666666666666666,-8.086212862691162e-08
3109,0.0,0.0,0.0
6,0.05,1.0,6.188428211243238e-10
110,0.2848484848484848,0.5939393939393939,3.838909136833178e-08
15,0.06818181818181818,0.7272727272727273,1.5343210441098934e-09
1331,0.0,0.0,0.0
563,0.2848484848484848,0.5939393939393939,1.9648234945791625e-07
0,0.17777777777777778,0.35555555555555557,0.0
866,0.7,0.9,1.1254275544966953e-06
2238,-0.05,0.6000000000000001,-1.3849702336762368e-07
2467,0.0,0.0,0.0
1580,0.5,1.0,1.6296194289607192e-06
274,0.0062500000000000056,0.35,1.2363963863713063e-09
1852,0.625,0.7,1.6713913193866114e-06
1189,0.17777777777777778,0.35555555555555557,1.5503362408650715e-07
26980,0.0062500000000000056,0.35,1.217444324974374e-07
1334,0.0,0.0,0.0
1,0.2333333333333333,0.26666666666666666,1.2835258512208195e-10
83,0.0,0.0,0.0
1,0.325,0.35,2.346445696763061e-10
396,0.625,0.6,3.063271964565403e-07
7,0.17777777777777778,0.35555555555555557,9.127294942014718e-10
143,0.65,0.65,1.2462978715092946e-07
55,-0.2,0.4,-9.076361376490083e-09
38,0.0,0.125,0.0
915,0.3333333333333333,0.20000000000000004,1.2583137362861252e-07
0,0.0,0.0,0.0
490,0.0,0.0,0.0
52270,0.0,0.0,0.0
0,0.2,0.9,0.0
492,0.5,0.6,3.044706679931673e-07
346,1.0,0.4,2.854928214786881e-07
941,1.0,0.4,7.764414595706515e-07
410869,1.0,0.4,0.00033901777476337303
23,-0.25,0.25,-2.9652885178873847e-09
117,0.5,0.6,7.240461007154588e-08
49,0.17777777777777778,0.35555555555555557,6.389106459410303e-09
4131,-0.024999999999999994,0.225,-4.793324426371089e-08
391,0.0,0.0,0.0
106176,0.3333333333333333,0.20000000000000004,1.4601390083488048e-05
955,-0.35,0.44999999999999996,-3.102723194412078e-07
64,0.0,0.0,0.0
4320,0.0,0.0,0.0
51,0.13333333333333333,0.5,7.013551972742336e-09
28,0.0,0.0,0.0
213,-0.1,0.1,-4.3937840299827e-09
7772,0.13636363636363635,0.5,1.093101455858692e-06
978,-0.40625,0.84375,-6.915205922848815e-07
79139,0.13636363636363635,0.5,1.1130591368399513e-05
451,0.5,0.5,2.3258176027255836e-07
866,0.0,0.0,0.0
1000,0.0,0.0,0.0
2462,0.2,0.5,5.078636752026951e-07
2462,0.0,0.0,0.0
978,0.0,0.0,0.0
15517,0.5,0.5,8.002153379488444e-06
5355,0.2,0.5,1.1046344357069179e-06
5355,0.0,0.0,0.0
15517,0.275,0.5,4.4011843587186445e-06
152,0.0,0.0,0.0
15517,-0.5,1.0,-1.6004306758976888e-05
1998,0.0,0.0,0.0
1469,-0.6,0.8,-1.4545281667706106e-06
1757,0.0,0.0,0.0
5355,0.2,0.5,1.1046344357069179e-06
211,0.625,0.7,1.9042309308346377e-07
4612,1.0,0.75,7.135257727563453e-06
108,0.0,0.0,0.0
365,0.12,0.315,2.846058134350765e-08
951,-0.3333333333333333,1.0,-6.539105809880355e-07
787,0.5,0.625,5.073221877342113e-07
52,0.0,0.0,0.0
5,0.0,0.0,0.0
129,1.0,0.3,7.983072392503776e-08
1,0.0,0.0,0.0
197452,0.15000000000000002,1.0,6.109587635832e-05
3319,0.0,0.0,0.0
881,0.17777777777777778,0.35555555555555557,1.1487352634164239e-07
1503,0.0,0.0,0.0
398,0.0,0.0,0.0
46083,0.13636363636363635,0.5,6.48139402860732e-06
1031,0.0,0.0,0.0
30,0.0,0.0,0.0
123,0.0,0.0,0.0
12370,-0.2,0.35,-1.7119286923542484e-06
104,0.0,0.0,0.0
1770,-0.2,0.35,-2.449566520183524e-07
586,0.0,0.1,0.0
62,0.0,0.0,0.0
157,0.0,0.0,0.0
71,0.0,0.0,0.0
5,0.0,0.0,0.0
41929,-0.5,0.5,-2.0723945646645484e-05
579,0.6,0.9,6.181448492337215e-07
494,0.0,0.0,0.0
206,0.16666666666666666,0.25,1.6969690044316856e-08
5069,0.25,0.25,6.263545546211808e-07
6942,0.0,0.0,0.0
369,0.0,0.0,0.0
180,0.0,0.0,0.0
1851,0.0,0.0,0.0
4810,0.0,0.0,0.0
186,0.0,0.0,0.0
11181,-0.2,0.35,-1.5473787153769483e-06
123,0.36818181818181817,0.75,6.71500969639788e-08
16,0.0,0.0,0.0
836,0.0,0.0,0.0
2620,0.03333333333333333,0.06666666666666667,1.1510831822941144e-08
3,0.0,0.0,0.0
163,0.0,0.0,0.0
969,0.0,0.0,0.0
44,0.0,0.0,0.0
67,0.0,0.0,0.0
15,0.0,0.0,0.0
2343,0.0,0.0,0.0
144,0.0,0.0,0.0
2484,0.16666666666666666,0.3333333333333333,2.728330748872691e-07
3165,0.0,0.0,0.0
180,0.0,0.0,0.0
320,0.0,0.0,0.0
1020,0.0,0.0,0.0
1257,0.0,0.0,0.0
98,0.0,0.0,0.0
341,0.0,0.0,0.0
2245,0.2,0.25,2.2192400475431856e-07
371,0.0,0.0,0.0
94,0.0,0.0,0.0
475,0.0,0.0,0.0
426,0.0,0.0,0.0
3593,0.13636363636363635,0.45454545454545453,4.4030238864083625e-07
122,0.0,0.0,0.0
3798,0.03333333333333333,0.06666666666666667,1.6686312696003996e-08
66,0.0,0.0,0.0
6537,0.03333333333333333,0.06666666666666667,2.8719964742964223e-08
595,0.0,0.0,0.0
444,0.0,0.0,0.0
61,0.0,0.0,0.0
1276,0.0,0.0,0.0
1468,0.0,0.0,0.0
703,0.2,0.4,1.1118936327289867e-07
156,0.0,0.0,0.0
244,0.0,0.0,0.0
2152,0.0,0.0,0.0
644,0.0,0.0,0.0
156,0.2791666666666667,0.7708333333333333,6.636919915754847e-08
1305,0.19999999999999998,0.3,1.548031142295157e-07
305,0.0,0.0,0.0
917,0.0,0.0,0.0
8432,0.0,1.0,0.0
149,0.0,0.0,0.0
4125,0.0,0.0,0.0
2656,0.0,0.0,0.0
192,0.0,0.0,0.0
160,0.2,0.30000000000000004,1.8979692166070897e-08
800,0.6,0.9,8.540861474731902e-07
792,0.0,0.0,0.0
20,0.0,0.0,0.0
1781,0.03333333333333333,0.06666666666666667,7.82472957124358e-09
733,0.0,0.0,0.0
605,0.0,0.0,0.0
1476,0.0,0.0,0.0
8894,0.03333333333333333,0.06666666666666667,3.907531993635058e-08
201,0.0,0.0,0.0
99,0.0,0.0,0.0
427,0.0,0.0,0.0
80,0.0,0.0,0.0
284,0.39285714285714285,0.5678571428571428,1.2525931087853514e-07
2890,0.1,0.0,0.0
4316,0.425,0.625,2.2665657122541562e-06
387,-0.8,0.2,-1.224190144711573e-07
31,0.0,0.0,0.0
1496,0.0,0.0,0.0
2762,0.0,0.0,0.0
13,0.0,0.0,0.0
27,0.0,0.0,0.0
397,0.6,1.0,4.709336118706341e-07
408,0.0,0.0,0.0
504,0.2,0.1,1.9928676774374443e-08
183,0.0,0.0,0.0
350,0.25,0.75,1.2974398941650025e-07
2620,0.0,0.0,0.0
956,0.0,0.0,0.0
108,0.0,0.35,0.0
4570,0.3,0.4,6.370411408101908e-07
1254,0.0,0.0,0.0
55,0.0875,0.45,2.5156677982623446e-09
1091,0.8,0.4,4.0555033384327844e-07
860,0.0,0.0,0.0
4401,0.0,0.25,0.0
506,0.2556818181818182,0.6022727272727273,9.051354917596807e-08
10,0.0,0.0,0.0
11,0.2556818181818182,0.6022727272727273,1.9676858516514795e-09
1008,0.0,0.0,0.0
72,0.2380952380952381,0.557142857142857,1.1094808418522504e-08
21,0.2556818181818182,0.6022727272727273,3.7564911713346424e-09
135,0.0,0.0,0.0
146,0.09943181818181818,0.4772727272727273,8.04849890378198e-09
2289,0.0,0.0,0.0
1116,0.2556818181818182,0.6022727272727273,1.99630673676641e-07
146,0.0,0.0,0.0
28,0.0,0.0,0.0
1920,0.10416666666666667,0.75,1.7424538862423164e-07
16273,0.0,0.0,0.0
117,0.09943181818181818,0.4772727272727273,6.449824463989669e-09
117,0.0,0.0,0.0
9190,0.2556818181818182,0.6022727272727273,1.6439120887888268e-06
295,0.0,0.0,0.0
168,0.2556818181818182,0.6022727272727273,3.005192937067714e-08
14049,0.0,0.0,0.0
7875,0.0,0.125,0.0
1537,0.04545454545454545,0.3181818181818182,2.5822398570359613e-08
346,0.2556818181818182,0.6022727272727273,6.189266406103744e-08
59,0.0,0.0,0.0
1650,0.2556818181818182,0.6022727272727273,2.9515287774772193e-07
1519,0.2556818181818182,0.6022727272727273,2.7171952805987245e-07
271,0.2556818181818182,0.6022727272727273,4.847662416341372e-08
2612,0.8,0.4,9.709417708511853e-07
2776,0.2556818181818182,0.6022727272727273,4.96572356744046e-07
327,0.9,1.0,3.418694524807425e-07
11669,0.0,0.0,0.0
4801,0.0,0.0,0.0
240,0.0,0.0,0.0
21,0.0,0.0,0.0
426,0.0,0.25,0.0
2724,0.125,0.875,3.4609490315488013e-07
178,0.0,0.0,0.0
35,0.0,0.0,0.0
152,0.0,0.0,0.0
25,0.0,0.0,0.0
77,0.0,0.0,0.0
1797,0.0,0.125,0.0
1414,0.0,0.0,0.0
3365,0.0,0.0,0.0
24,0.0,0.0,0.0
15,0.0,0.0,0.0
2337,0.0,0.041666666666666664,0.0
332,0.0,0.0,0.0
100,0.0,0.0,0.0
623,0.0,0.0,0.0
6758,-0.125,0.375,-3.6798448010079924e-07
100,0.0,0.0,0.0
7236,0.25,0.25,5.253498467020583e-07
536,0.0,0.0,0.0
221,0.0,0.0,0.0
7236,0.0,0.0,0.0
4129,0.0,0.0,0.0
86,-0.3,0.625,-1.8731379277104902e-08
2230,0.0,0.0,0.0
285,0.0,0.125,0.0
16,0.0,0.0,0.0
4705,0.0,0.125,0.0
94,0.0,0.125,0.0
687,0.0,0.0,0.0
200,0.1,0.4,9.293087393292357e-09
5418,0.0,0.125,0.0
41,0.05000000000000001,0.2333333333333333,5.556491837239386e-10
788,0.05000000000000001,0.2333333333333333,1.0679306262791797e-08
27,0.05000000000000001,0.2333333333333333,3.6591531611088643e-10
492,0.0,0.0,0.0
471,0.0,0.0,0.0
4334,0.0,0.0,0.0
202,0.05000000000000001,0.2333333333333333,2.7375886612740394e-09
18,0.05000000000000001,0.2333333333333333,2.439435440739243e-10
2910280,0.05000000000000001,0.2333333333333333,3.944133430263669e-05
327,0.0,0.125,0.0
586,0.0,0.0,0.0
338,0.0,0.0,0.0
45,0.0,0.125,0.0
19,0.0,0.0,0.0
6191,0.0,0.0,0.0
232,0.0,0.0,0.0
808,0.0,0.0,0.0
1886,0.0,0.0,0.0
9,0.0,0.0,0.0
41,0.0,0.0,0.0
8073,0.0,0.0,0.0
270,0.35,0.55,6.037602715829627e-08
121,0.4000000000000001,0.5166666666666667,2.9048642343533028e-08
